% Column 0: Length, m
% Column 1: |V|, Volts
% Column 2: Re[V], Volts
% Column 3: Im[V], Volts
0.00000000e+000	4.99713412e-002	4.99713412e-002	0.00000000e+000	
3.27551701e-006	4.99712666e-002	4.99712666e-002	0.00000000e+000	
6.55103402e-006	4.99711920e-002	4.99711920e-002	0.00000000e+000	
9.82655103e-006	4.99711174e-002	4.99711174e-002	0.00000000e+000	
1.31020680e-005	4.99710428e-002	4.99710428e-002	0.00000000e+000	
1.63775851e-005	4.99709682e-002	4.99709682e-002	0.00000000e+000	
1.96531021e-005	4.99708936e-002	4.99708936e-002	0.00000000e+000	
2.29286191e-005	4.99708190e-002	4.99708190e-002	0.00000000e+000	
2.62041361e-005	4.99707444e-002	4.99707444e-002	0.00000000e+000	
2.94796531e-005	4.99706698e-002	4.99706698e-002	0.00000000e+000	
3.27551701e-005	4.99705952e-002	4.99705952e-002	0.00000000e+000	
3.60306871e-005	4.99705206e-002	4.99705206e-002	0.00000000e+000	
3.93062041e-005	4.99704459e-002	4.99704459e-002	0.00000000e+000	
4.25817211e-005	4.99703713e-002	4.99703713e-002	0.00000000e+000	
4.58572382e-005	4.99702967e-002	4.99702967e-002	0.00000000e+000	
4.91327552e-005	4.99702221e-002	4.99702221e-002	0.00000000e+000	
5.24082722e-005	4.99701329e-002	4.99701329e-002	0.00000000e+000	
5.56837892e-005	4.99697601e-002	4.99697601e-002	0.00000000e+000	
5.89593062e-005	4.99693873e-002	4.99693873e-002	0.00000000e+000	
6.22348232e-005	4.99690144e-002	4.99690144e-002	0.00000000e+000	
6.55103402e-005	4.99686416e-002	4.99686416e-002	0.00000000e+000	
6.87858572e-005	4.99682688e-002	4.99682688e-002	0.00000000e+000	
7.20613742e-005	4.99678959e-002	4.99678959e-002	0.00000000e+000	
7.53368913e-005	4.99675231e-002	4.99675231e-002	0.00000000e+000	
7.86124083e-005	4.99671502e-002	4.99671502e-002	0.00000000e+000	
8.18879253e-005	4.99667774e-002	4.99667774e-002	0.00000000e+000	
8.51634423e-005	4.99664046e-002	4.99664046e-002	0.00000000e+000	
8.84389593e-005	4.99660317e-002	4.99660317e-002	0.00000000e+000	
9.17144763e-005	4.99656589e-002	4.99656589e-002	0.00000000e+000	
9.49899933e-005	4.99652861e-002	4.99652861e-002	0.00000000e+000	
9.82655103e-005	4.99649132e-002	4.99649132e-002	0.00000000e+000	
1.01541027e-004	4.99645404e-002	4.99645404e-002	0.00000000e+000	
1.04816544e-004	4.99641676e-002	4.99641676e-002	0.00000000e+000	
1.08092061e-004	4.99637947e-002	4.99637947e-002	0.00000000e+000	
1.11367578e-004	4.99634295e-002	4.99634295e-002	0.00000000e+000	
1.14643095e-004	4.99633507e-002	4.99633507e-002	0.00000000e+000	
1.17918612e-004	4.99632720e-002	4.99632720e-002	0.00000000e+000	
1.21194129e-004	4.99631932e-002	4.99631932e-002	0.00000000e+000	
1.24469646e-004	4.99631145e-002	4.99631145e-002	0.00000000e+000	
1.27745163e-004	4.99630357e-002	4.99630357e-002	0.00000000e+000	
1.31020680e-004	4.99629570e-002	4.99629570e-002	0.00000000e+000	
1.34296197e-004	4.99628782e-002	4.99628782e-002	0.00000000e+000	
1.37571714e-004	4.99627995e-002	4.99627995e-002	0.00000000e+000	
1.40847231e-004	4.99627207e-002	4.99627207e-002	0.00000000e+000	
1.44122748e-004	4.99626420e-002	4.99626420e-002	0.00000000e+000	
1.47398266e-004	4.99625632e-002	4.99625632e-002	0.00000000e+000	
1.50673783e-004	4.99624845e-002	4.99624845e-002	0.00000000e+000	
1.53949300e-004	4.99624058e-002	4.99624058e-002	0.00000000e+000	
1.57224817e-004	4.99623270e-002	4.99623270e-002	0.00000000e+000	
1.60500334e-004	4.99622483e-002	4.99622483e-002	0.00000000e+000	
1.63775851e-004	4.99621695e-002	4.99621695e-002	0.00000000e+000	
1.67051368e-004	4.99620908e-002	4.99620908e-002	0.00000000e+000	
1.70326885e-004	4.99620120e-002	4.99620120e-002	0.00000000e+000	
1.73602402e-004	4.99619333e-002	4.99619333e-002	0.00000000e+000	
1.76877919e-004	4.99618545e-002	4.99618545e-002	0.00000000e+000	
1.80153436e-004	4.99617758e-002	4.99617758e-002	0.00000000e+000	
1.83428953e-004	4.99616970e-002	4.99616970e-002	0.00000000e+000	
1.86704470e-004	4.99616183e-002	4.99616183e-002	0.00000000e+000	
1.89979987e-004	4.99615395e-002	4.99615395e-002	0.00000000e+000	
1.93255504e-004	4.99614608e-002	4.99614608e-002	0.00000000e+000	
1.96531021e-004	4.99613820e-002	4.99613820e-002	0.00000000e+000	
1.99806538e-004	4.99613033e-002	4.99613033e-002	0.00000000e+000	
2.03082055e-004	4.99612359e-002	4.99612359e-002	0.00000000e+000	
2.06357572e-004	4.99612635e-002	4.99612635e-002	0.00000000e+000	
2.09633089e-004	4.99612911e-002	4.99612911e-002	0.00000000e+000	
2.12908606e-004	4.99613187e-002	4.99613187e-002	0.00000000e+000	
2.16184123e-004	4.99613463e-002	4.99613463e-002	0.00000000e+000	
2.19459640e-004	4.99613738e-002	4.99613738e-002	0.00000000e+000	
2.22735157e-004	4.99614014e-002	4.99614014e-002	0.00000000e+000	
2.26010674e-004	4.99614290e-002	4.99614290e-002	0.00000000e+000	
2.29286191e-004	4.99614566e-002	4.99614566e-002	0.00000000e+000	
2.32561708e-004	4.99614842e-002	4.99614842e-002	0.00000000e+000	
2.35837225e-004	4.99615117e-002	4.99615117e-002	0.00000000e+000	
2.39112742e-004	4.99615393e-002	4.99615393e-002	0.00000000e+000	
2.42388259e-004	4.99615669e-002	4.99615669e-002	0.00000000e+000	
2.45663776e-004	4.99615945e-002	4.99615945e-002	0.00000000e+000	
2.48939293e-004	4.99616221e-002	4.99616221e-002	0.00000000e+000	
2.52214810e-004	4.99616497e-002	4.99616497e-002	0.00000000e+000	
2.55490327e-004	4.99616772e-002	4.99616772e-002	0.00000000e+000	
2.58765844e-004	4.99617048e-002	4.99617048e-002	0.00000000e+000	
2.62041361e-004	4.99617324e-002	4.99617324e-002	0.00000000e+000	
2.65316878e-004	4.99617600e-002	4.99617600e-002	0.00000000e+000	
2.68592395e-004	4.99617876e-002	4.99617876e-002	0.00000000e+000	
2.71867912e-004	4.99618152e-002	4.99618152e-002	0.00000000e+000	
2.75143429e-004	4.99618427e-002	4.99618427e-002	0.00000000e+000	
2.78418946e-004	4.99618703e-002	4.99618703e-002	0.00000000e+000	
2.81694463e-004	4.99618979e-002	4.99618979e-002	0.00000000e+000	
2.84969980e-004	4.99619255e-002	4.99619255e-002	0.00000000e+000	
2.88245497e-004	4.99618826e-002	4.99618826e-002	0.00000000e+000	
2.91521014e-004	4.99618192e-002	4.99618192e-002	0.00000000e+000	
2.94796531e-004	4.99617559e-002	4.99617559e-002	0.00000000e+000	
2.98072048e-004	4.99616926e-002	4.99616926e-002	0.00000000e+000	
3.01347565e-004	4.99616292e-002	4.99616292e-002	0.00000000e+000	
3.04623082e-004	4.99615659e-002	4.99615659e-002	0.00000000e+000	
3.07898599e-004	4.99615026e-002	4.99615026e-002	0.00000000e+000	
3.11174116e-004	4.99614392e-002	4.99614392e-002	0.00000000e+000	
3.14449633e-004	4.99613759e-002	4.99613759e-002	0.00000000e+000	
3.17725150e-004	4.99613126e-002	4.99613126e-002	0.00000000e+000	
3.21000667e-004	4.99612492e-002	4.99612492e-002	0.00000000e+000	
3.24276184e-004	4.99611859e-002	4.99611859e-002	0.00000000e+000	
3.27551701e-004	4.99611226e-002	4.99611226e-002	0.00000000e+000	
3.30827218e-004	4.99610592e-002	4.99610592e-002	0.00000000e+000	
3.34102735e-004	4.99609959e-002	4.99609959e-002	0.00000000e+000	
3.37378252e-004	4.99609325e-002	4.99609325e-002	0.00000000e+000	
3.40653769e-004	4.99608692e-002	4.99608692e-002	0.00000000e+000	
3.43929286e-004	4.99608059e-002	4.99608059e-002	0.00000000e+000	
3.47204803e-004	4.99607425e-002	4.99607425e-002	0.00000000e+000	
3.50480320e-004	4.99606792e-002	4.99606792e-002	0.00000000e+000	
3.53755837e-004	4.99606159e-002	4.99606159e-002	0.00000000e+000	
3.57031354e-004	4.99605525e-002	4.99605525e-002	0.00000000e+000	
3.60306871e-004	4.99604892e-002	4.99604892e-002	0.00000000e+000	
3.63582388e-004	4.99604259e-002	4.99604259e-002	0.00000000e+000	
3.66857905e-004	4.99603625e-002	4.99603625e-002	0.00000000e+000	
3.70133422e-004	4.99602992e-002	4.99602992e-002	0.00000000e+000	
3.73408939e-004	4.99602359e-002	4.99602359e-002	0.00000000e+000	
3.76684456e-004	4.99601725e-002	4.99601725e-002	0.00000000e+000	
3.79959973e-004	4.99601092e-002	4.99601092e-002	0.00000000e+000	
3.83235490e-004	4.99600459e-002	4.99600459e-002	0.00000000e+000	
3.86511007e-004	4.99599135e-002	4.99599135e-002	0.00000000e+000	
3.89786524e-004	4.99597655e-002	4.99597655e-002	0.00000000e+000	
3.93062041e-004	4.99596175e-002	4.99596175e-002	0.00000000e+000	
3.96337558e-004	4.99594694e-002	4.99594694e-002	0.00000000e+000	
3.99613075e-004	4.99593214e-002	4.99593214e-002	0.00000000e+000	
4.02888592e-004	4.99591734e-002	4.99591734e-002	0.00000000e+000	
4.06164109e-004	4.99590253e-002	4.99590253e-002	0.00000000e+000	
4.09439626e-004	4.99588773e-002	4.99588773e-002	0.00000000e+000	
4.12715143e-004	4.99587293e-002	4.99587293e-002	0.00000000e+000	
4.15990660e-004	4.99585812e-002	4.99585812e-002	0.00000000e+000	
4.19266177e-004	4.99584332e-002	4.99584332e-002	0.00000000e+000	
4.22541694e-004	4.99582852e-002	4.99582852e-002	0.00000000e+000	
4.25817211e-004	4.99581371e-002	4.99581371e-002	0.00000000e+000	
4.29092728e-004	4.99579891e-002	4.99579891e-002	0.00000000e+000	
4.32368245e-004	4.99578411e-002	4.99578411e-002	0.00000000e+000	
4.35643763e-004	4.99576930e-002	4.99576930e-002	0.00000000e+000	
4.38919280e-004	4.99575450e-002	4.99575450e-002	0.00000000e+000	
4.42194797e-004	4.99573970e-002	4.99573970e-002	0.00000000e+000	
4.45470314e-004	4.99572489e-002	4.99572489e-002	0.00000000e+000	
4.48745831e-004	4.99571009e-002	4.99571009e-002	0.00000000e+000	
4.52021348e-004	4.99569529e-002	4.99569529e-002	0.00000000e+000	
4.55296865e-004	4.99568048e-002	4.99568048e-002	0.00000000e+000	
4.58572382e-004	4.99566568e-002	4.99566568e-002	0.00000000e+000	
4.61847899e-004	4.99565088e-002	4.99565088e-002	0.00000000e+000	
4.65123416e-004	4.99563607e-002	4.99563607e-002	0.00000000e+000	
4.68398933e-004	4.99562127e-002	4.99562127e-002	0.00000000e+000	
4.71674450e-004	4.99560647e-002	4.99560647e-002	0.00000000e+000	
4.74949967e-004	4.99559166e-002	4.99559166e-002	0.00000000e+000	
4.78225484e-004	4.99557686e-002	4.99557686e-002	0.00000000e+000	
4.81501001e-004	4.99556206e-002	4.99556206e-002	0.00000000e+000	
4.84776518e-004	4.99554725e-002	4.99554725e-002	0.00000000e+000	
4.88052035e-004	4.99553245e-002	4.99553245e-002	0.00000000e+000	
4.91327552e-004	4.99551765e-002	4.99551765e-002	0.00000000e+000	
4.94603069e-004	4.99550284e-002	4.99550284e-002	0.00000000e+000	
4.97878586e-004	4.99548804e-002	4.99548804e-002	0.00000000e+000	
5.01154103e-004	4.99547324e-002	4.99547324e-002	0.00000000e+000	
5.04429620e-004	4.99545843e-002	4.99545843e-002	0.00000000e+000	
5.07705137e-004	4.99544363e-002	4.99544363e-002	0.00000000e+000	
5.10980654e-004	4.99542883e-002	4.99542883e-002	0.00000000e+000	
5.14256171e-004	4.99541402e-002	4.99541402e-002	0.00000000e+000	
5.17531688e-004	4.99539922e-002	4.99539922e-002	0.00000000e+000	
5.20807205e-004	4.99538442e-002	4.99538442e-002	0.00000000e+000	
5.24082722e-004	4.99536961e-002	4.99536961e-002	0.00000000e+000	
5.27358239e-004	4.99535481e-002	4.99535481e-002	0.00000000e+000	
5.30633756e-004	4.99534001e-002	4.99534001e-002	0.00000000e+000	
5.33909273e-004	4.99532520e-002	4.99532520e-002	0.00000000e+000	
5.37184790e-004	4.99531040e-002	4.99531040e-002	0.00000000e+000	
5.40460307e-004	4.99529560e-002	4.99529560e-002	0.00000000e+000	
5.43735824e-004	4.99528079e-002	4.99528079e-002	0.00000000e+000	
5.47011341e-004	4.99526599e-002	4.99526599e-002	0.00000000e+000	
5.50286858e-004	4.99525119e-002	4.99525119e-002	0.00000000e+000	
5.53562375e-004	4.99523638e-002	4.99523638e-002	0.00000000e+000	
5.56837892e-004	4.99522158e-002	4.99522158e-002	0.00000000e+000	
5.60113409e-004	4.99520678e-002	4.99520678e-002	0.00000000e+000	
5.63388926e-004	4.99519297e-002	4.99519297e-002	0.00000000e+000	
5.66664443e-004	4.99518727e-002	4.99518727e-002	0.00000000e+000	
5.69939960e-004	4.99518157e-002	4.99518157e-002	0.00000000e+000	
5.73215477e-004	4.99517588e-002	4.99517588e-002	0.00000000e+000	
5.76490994e-004	4.99517018e-002	4.99517018e-002	0.00000000e+000	
5.79766511e-004	4.99516449e-002	4.99516449e-002	0.00000000e+000	
5.83042028e-004	4.99515879e-002	4.99515879e-002	0.00000000e+000	
5.86317545e-004	4.99515309e-002	4.99515309e-002	0.00000000e+000	
5.89593062e-004	4.99514740e-002	4.99514740e-002	0.00000000e+000	
5.92868579e-004	4.99514170e-002	4.99514170e-002	0.00000000e+000	
5.96144096e-004	4.99513601e-002	4.99513601e-002	0.00000000e+000	
5.99419613e-004	4.99513031e-002	4.99513031e-002	0.00000000e+000	
6.02695130e-004	4.99512462e-002	4.99512462e-002	0.00000000e+000	
6.05970647e-004	4.99511892e-002	4.99511892e-002	0.00000000e+000	
6.09246164e-004	4.99511322e-002	4.99511322e-002	0.00000000e+000	
6.12521681e-004	4.99510753e-002	4.99510753e-002	0.00000000e+000	
6.15797198e-004	4.99510183e-002	4.99510183e-002	0.00000000e+000	
6.19072715e-004	4.99509614e-002	4.99509614e-002	0.00000000e+000	
6.22348232e-004	4.99509044e-002	4.99509044e-002	0.00000000e+000	
6.25623749e-004	4.99508474e-002	4.99508474e-002	0.00000000e+000	
6.28899266e-004	4.99507905e-002	4.99507905e-002	0.00000000e+000	
6.32174783e-004	4.99507335e-002	4.99507335e-002	0.00000000e+000	
6.35450300e-004	4.99506766e-002	4.99506766e-002	0.00000000e+000	
6.38725817e-004	4.99506196e-002	4.99506196e-002	0.00000000e+000	
6.42001334e-004	4.99505627e-002	4.99505627e-002	0.00000000e+000	
6.45276851e-004	4.99505057e-002	4.99505057e-002	0.00000000e+000	
6.48552368e-004	4.99504487e-002	4.99504487e-002	0.00000000e+000	
6.51827885e-004	4.99504103e-002	4.99504103e-002	0.00000000e+000	
6.55103402e-004	4.99503998e-002	4.99503998e-002	0.00000000e+000	
6.58378919e-004	4.99503894e-002	4.99503894e-002	0.00000000e+000	
6.61654436e-004	4.99503789e-002	4.99503789e-002	0.00000000e+000	
6.64929953e-004	4.99503684e-002	4.99503684e-002	0.00000000e+000	
6.68205470e-004	4.99503580e-002	4.99503580e-002	0.00000000e+000	
6.71480987e-004	4.99503475e-002	4.99503475e-002	0.00000000e+000	
6.74756504e-004	4.99503371e-002	4.99503371e-002	0.00000000e+000	
6.78032021e-004	4.99503266e-002	4.99503266e-002	0.00000000e+000	
6.81307538e-004	4.99503161e-002	4.99503161e-002	0.00000000e+000	
6.84583055e-004	4.99503057e-002	4.99503057e-002	0.00000000e+000	
6.87858572e-004	4.99502952e-002	4.99502952e-002	0.00000000e+000	
6.91134089e-004	4.99502847e-002	4.99502847e-002	0.00000000e+000	
6.94409606e-004	4.99502743e-002	4.99502743e-002	0.00000000e+000	
6.97685123e-004	4.99502638e-002	4.99502638e-002	0.00000000e+000	
7.00960640e-004	4.99502533e-002	4.99502533e-002	0.00000000e+000	
7.04236157e-004	4.99502429e-002	4.99502429e-002	0.00000000e+000	
7.07511674e-004	4.99502324e-002	4.99502324e-002	0.00000000e+000	
7.10787191e-004	4.99502220e-002	4.99502220e-002	0.00000000e+000	
7.14062708e-004	4.99502115e-002	4.99502115e-002	0.00000000e+000	
7.17338225e-004	4.99502010e-002	4.99502010e-002	0.00000000e+000	
7.20613742e-004	4.99501906e-002	4.99501906e-002	0.00000000e+000	
7.23889260e-004	4.99501801e-002	4.99501801e-002	0.00000000e+000	
7.27164777e-004	4.99501696e-002	4.99501696e-002	0.00000000e+000	
7.30440294e-004	4.99501592e-002	4.99501592e-002	0.00000000e+000	
7.33715811e-004	4.99501487e-002	4.99501487e-002	0.00000000e+000	
7.36991328e-004	4.99501383e-002	4.99501383e-002	0.00000000e+000	
7.40266845e-004	4.99501278e-002	4.99501278e-002	0.00000000e+000	
7.43542362e-004	4.99501173e-002	4.99501173e-002	0.00000000e+000	
7.46817879e-004	4.99501069e-002	4.99501069e-002	0.00000000e+000	
7.50093396e-004	4.99500964e-002	4.99500964e-002	0.00000000e+000	
7.53368913e-004	4.99500859e-002	4.99500859e-002	0.00000000e+000	
7.56644430e-004	4.99500755e-002	4.99500755e-002	0.00000000e+000	
7.59919947e-004	4.99500650e-002	4.99500650e-002	0.00000000e+000	
7.63195464e-004	4.99500545e-002	4.99500545e-002	0.00000000e+000	
7.66470981e-004	4.99500441e-002	4.99500441e-002	0.00000000e+000	
7.69746498e-004	4.99500336e-002	4.99500336e-002	0.00000000e+000	
7.73022015e-004	4.99500232e-002	4.99500232e-002	0.00000000e+000	
7.76297532e-004	4.99500127e-002	4.99500127e-002	0.00000000e+000	
7.79573049e-004	4.99500022e-002	4.99500022e-002	0.00000000e+000	
7.82848566e-004	4.99499918e-002	4.99499918e-002	0.00000000e+000	
7.86124083e-004	4.99499813e-002	4.99499813e-002	0.00000000e+000	
7.89399600e-004	4.99499708e-002	4.99499708e-002	0.00000000e+000	
7.92675117e-004	4.99499604e-002	4.99499604e-002	0.00000000e+000	
7.95950634e-004	4.99499499e-002	4.99499499e-002	0.00000000e+000	
7.99226151e-004	4.99499394e-002	4.99499394e-002	0.00000000e+000	
8.02501668e-004	4.99499290e-002	4.99499290e-002	0.00000000e+000	
8.05777185e-004	4.99499185e-002	4.99499185e-002	0.00000000e+000	
8.09052702e-004	4.99499081e-002	4.99499081e-002	0.00000000e+000	
8.12328219e-004	4.99498976e-002	4.99498976e-002	0.00000000e+000	
8.15603736e-004	4.99498871e-002	4.99498871e-002	0.00000000e+000	
8.18879253e-004	4.99498767e-002	4.99498767e-002	0.00000000e+000	
8.22154770e-004	4.99498662e-002	4.99498662e-002	0.00000000e+000	
8.25430287e-004	4.99498557e-002	4.99498557e-002	0.00000000e+000	
8.28705804e-004	4.99498453e-002	4.99498453e-002	0.00000000e+000	
8.31981321e-004	4.99498348e-002	4.99498348e-002	0.00000000e+000	
8.35256838e-004	4.99498244e-002	4.99498244e-002	0.00000000e+000	
8.38532355e-004	4.99498139e-002	4.99498139e-002	0.00000000e+000	
8.41807872e-004	4.99498034e-002	4.99498034e-002	0.00000000e+000	
8.45083389e-004	4.99497930e-002	4.99497930e-002	0.00000000e+000	
8.48358906e-004	4.99497825e-002	4.99497825e-002	0.00000000e+000	
8.51634423e-004	4.99497720e-002	4.99497720e-002	0.00000000e+000	
8.54909940e-004	4.99497616e-002	4.99497616e-002	0.00000000e+000	
8.58185457e-004	4.99497507e-002	4.99497507e-002	0.00000000e+000	
8.61460974e-004	4.99497313e-002	4.99497313e-002	0.00000000e+000	
8.64736491e-004	4.99497119e-002	4.99497119e-002	0.00000000e+000	
8.68012008e-004	4.99496925e-002	4.99496925e-002	0.00000000e+000	
8.71287525e-004	4.99496732e-002	4.99496732e-002	0.00000000e+000	
8.74563042e-004	4.99496538e-002	4.99496538e-002	0.00000000e+000	
8.77838559e-004	4.99496344e-002	4.99496344e-002	0.00000000e+000	
8.81114076e-004	4.99496150e-002	4.99496150e-002	0.00000000e+000	
8.84389593e-004	4.99495956e-002	4.99495956e-002	0.00000000e+000	
8.87665110e-004	4.99495762e-002	4.99495762e-002	0.00000000e+000	
8.90940627e-004	4.99495568e-002	4.99495568e-002	0.00000000e+000	
8.94216144e-004	4.99495375e-002	4.99495375e-002	0.00000000e+000	
8.97491661e-004	4.99495181e-002	4.99495181e-002	0.00000000e+000	
9.00767178e-004	4.99494987e-002	4.99494987e-002	0.00000000e+000	
9.04042695e-004	4.99494793e-002	4.99494793e-002	0.00000000e+000	
9.07318212e-004	4.99494599e-002	4.99494599e-002	0.00000000e+000	
9.10593729e-004	4.99494405e-002	4.99494405e-002	0.00000000e+000	
9.13869246e-004	4.99494211e-002	4.99494211e-002	0.00000000e+000	
9.17144763e-004	4.99494017e-002	4.99494017e-002	0.00000000e+000	
9.20420280e-004	4.99493824e-002	4.99493824e-002	0.00000000e+000	
9.23695797e-004	4.99493630e-002	4.99493630e-002	0.00000000e+000	
9.26971314e-004	4.99493436e-002	4.99493436e-002	0.00000000e+000	
9.30246831e-004	4.99493242e-002	4.99493242e-002	0.00000000e+000	
9.33522348e-004	4.99493048e-002	4.99493048e-002	0.00000000e+000	
9.36797865e-004	4.99492854e-002	4.99492854e-002	0.00000000e+000	
9.40073382e-004	4.99492660e-002	4.99492660e-002	0.00000000e+000	
9.43348899e-004	4.99492467e-002	4.99492467e-002	0.00000000e+000	
9.46624416e-004	4.99492273e-002	4.99492273e-002	0.00000000e+000	
9.49899933e-004	4.99492079e-002	4.99492079e-002	0.00000000e+000	
9.53175450e-004	4.99492139e-002	4.99492139e-002	0.00000000e+000	
9.56450967e-004	4.99492538e-002	4.99492538e-002	0.00000000e+000	
9.59726484e-004	4.99492937e-002	4.99492937e-002	0.00000000e+000	
9.63002001e-004	4.99493337e-002	4.99493337e-002	0.00000000e+000	
9.66277518e-004	4.99493736e-002	4.99493736e-002	0.00000000e+000	
9.69553035e-004	4.99494135e-002	4.99494135e-002	0.00000000e+000	
9.72828552e-004	4.99494534e-002	4.99494534e-002	0.00000000e+000	
9.76104069e-004	4.99494934e-002	4.99494934e-002	0.00000000e+000	
9.79379586e-004	4.99495333e-002	4.99495333e-002	0.00000000e+000	
9.82655103e-004	4.99495732e-002	4.99495732e-002	0.00000000e+000	
9.85930620e-004	4.99496132e-002	4.99496132e-002	0.00000000e+000	
9.89206137e-004	4.99496531e-002	4.99496531e-002	0.00000000e+000	
9.92481654e-004	4.99496930e-002	4.99496930e-002	0.00000000e+000	
9.95757171e-004	4.99497329e-002	4.99497329e-002	0.00000000e+000	
9.99032688e-004	4.99497729e-002	4.99497729e-002	0.00000000e+000	
1.00230821e-003	4.99498128e-002	4.99498128e-002	0.00000000e+000	
1.00558372e-003	4.99498527e-002	4.99498527e-002	0.00000000e+000	
1.00885924e-003	4.99498927e-002	4.99498927e-002	0.00000000e+000	
1.01213476e-003	4.99499326e-002	4.99499326e-002	0.00000000e+000	
1.01541027e-003	4.99499725e-002	4.99499725e-002	0.00000000e+000	
1.01868579e-003	4.99500124e-002	4.99500124e-002	0.00000000e+000	
1.02196131e-003	4.99500524e-002	4.99500524e-002	0.00000000e+000	
1.02523682e-003	4.99500923e-002	4.99500923e-002	0.00000000e+000	
1.02851234e-003	4.99501322e-002	4.99501322e-002	0.00000000e+000	
1.03178786e-003	4.99501721e-002	4.99501721e-002	0.00000000e+000	
1.03506338e-003	4.99502121e-002	4.99502121e-002	0.00000000e+000	
1.03833889e-003	4.99502520e-002	4.99502520e-002	0.00000000e+000	
1.04161441e-003	4.99502919e-002	4.99502919e-002	0.00000000e+000	
1.04488993e-003	4.99503319e-002	4.99503319e-002	0.00000000e+000	
1.04816544e-003	4.99503718e-002	4.99503718e-002	0.00000000e+000	
1.05144096e-003	4.99504117e-002	4.99504117e-002	0.00000000e+000	
1.05471648e-003	4.99504516e-002	4.99504516e-002	0.00000000e+000	
1.05799199e-003	4.99504916e-002	4.99504916e-002	0.00000000e+000	
1.06126751e-003	4.99505315e-002	4.99505315e-002	0.00000000e+000	
1.06454303e-003	4.99505714e-002	4.99505714e-002	0.00000000e+000	
1.06781855e-003	4.99506114e-002	4.99506114e-002	0.00000000e+000	
1.07109406e-003	4.99506513e-002	4.99506513e-002	0.00000000e+000	
1.07436958e-003	4.99506912e-002	4.99506912e-002	0.00000000e+000	
1.07764510e-003	4.99507311e-002	4.99507311e-002	0.00000000e+000	
1.08092061e-003	4.99507711e-002	4.99507711e-002	0.00000000e+000	
1.08419613e-003	4.99508110e-002	4.99508110e-002	0.00000000e+000	
1.08747165e-003	4.99508509e-002	4.99508509e-002	0.00000000e+000	
1.09074716e-003	4.99508909e-002	4.99508909e-002	0.00000000e+000	
1.09402268e-003	4.99509308e-002	4.99509308e-002	0.00000000e+000	
1.09729820e-003	4.99509707e-002	4.99509707e-002	0.00000000e+000	
1.10057372e-003	4.99510106e-002	4.99510106e-002	0.00000000e+000	
1.10384923e-003	4.99510506e-002	4.99510506e-002	0.00000000e+000	
1.10712475e-003	4.99510905e-002	4.99510905e-002	0.00000000e+000	
1.11040027e-003	4.99511304e-002	4.99511304e-002	0.00000000e+000	
1.11367578e-003	4.99511703e-002	4.99511703e-002	0.00000000e+000	
1.11695130e-003	4.99512103e-002	4.99512103e-002	0.00000000e+000	
1.12022682e-003	4.99512502e-002	4.99512502e-002	0.00000000e+000	
1.12350233e-003	4.99512901e-002	4.99512901e-002	0.00000000e+000	
1.12677785e-003	4.99513301e-002	4.99513301e-002	0.00000000e+000	
1.13005337e-003	4.99513700e-002	4.99513700e-002	0.00000000e+000	
1.13332889e-003	4.99514099e-002	4.99514099e-002	0.00000000e+000	
1.13660440e-003	4.99514498e-002	4.99514498e-002	0.00000000e+000	
1.13987992e-003	4.99514898e-002	4.99514898e-002	0.00000000e+000	
1.14315544e-003	4.99515297e-002	4.99515297e-002	0.00000000e+000	
1.14643095e-003	4.99515696e-002	4.99515696e-002	0.00000000e+000	
1.14970647e-003	4.99516096e-002	4.99516096e-002	0.00000000e+000	
1.15298199e-003	4.99516495e-002	4.99516495e-002	0.00000000e+000	
1.15625751e-003	4.99516894e-002	4.99516894e-002	0.00000000e+000	
1.15953302e-003	4.99517293e-002	4.99517293e-002	0.00000000e+000	
1.16280854e-003	4.99517693e-002	4.99517693e-002	0.00000000e+000	
1.16608406e-003	4.99518092e-002	4.99518092e-002	0.00000000e+000	
1.16935957e-003	4.99518491e-002	4.99518491e-002	0.00000000e+000	
1.17263509e-003	4.99518890e-002	4.99518890e-002	0.00000000e+000	
1.17591061e-003	4.99519290e-002	4.99519290e-002	0.00000000e+000	
1.17918612e-003	4.99519689e-002	4.99519689e-002	0.00000000e+000	
1.18246164e-003	4.99520088e-002	4.99520088e-002	0.00000000e+000	
1.18573716e-003	4.99520488e-002	4.99520488e-002	0.00000000e+000	
1.18901268e-003	4.99520887e-002	4.99520887e-002	0.00000000e+000	
1.19228819e-003	4.99521286e-002	4.99521286e-002	0.00000000e+000	
1.19556371e-003	4.99521685e-002	4.99521685e-002	0.00000000e+000	
1.19883923e-003	4.99522085e-002	4.99522085e-002	0.00000000e+000	
1.20211474e-003	4.99522484e-002	4.99522484e-002	0.00000000e+000	
1.20539026e-003	4.99522649e-002	4.99522649e-002	0.00000000e+000	
1.20866578e-003	4.99522302e-002	4.99522302e-002	0.00000000e+000	
1.21194129e-003	4.99521955e-002	4.99521955e-002	0.00000000e+000	
1.21521681e-003	4.99521608e-002	4.99521608e-002	0.00000000e+000	
1.21849233e-003	4.99521261e-002	4.99521261e-002	0.00000000e+000	
1.22176785e-003	4.99520913e-002	4.99520913e-002	0.00000000e+000	
1.22504336e-003	4.99520566e-002	4.99520566e-002	0.00000000e+000	
1.22831888e-003	4.99520219e-002	4.99520219e-002	0.00000000e+000	
1.23159440e-003	4.99519872e-002	4.99519872e-002	0.00000000e+000	
1.23486991e-003	4.99519525e-002	4.99519525e-002	0.00000000e+000	
1.23814543e-003	4.99519177e-002	4.99519177e-002	0.00000000e+000	
1.24142095e-003	4.99518830e-002	4.99518830e-002	0.00000000e+000	
1.24469646e-003	4.99518483e-002	4.99518483e-002	0.00000000e+000	
1.24797198e-003	4.99518136e-002	4.99518136e-002	0.00000000e+000	
1.25124750e-003	4.99517789e-002	4.99517789e-002	0.00000000e+000	
1.25452302e-003	4.99517441e-002	4.99517441e-002	0.00000000e+000	
1.25779853e-003	4.99517094e-002	4.99517094e-002	0.00000000e+000	
1.26107405e-003	4.99516747e-002	4.99516747e-002	0.00000000e+000	
1.26434957e-003	4.99516400e-002	4.99516400e-002	0.00000000e+000	
1.26762508e-003	4.99516053e-002	4.99516053e-002	0.00000000e+000	
1.27090060e-003	4.99515705e-002	4.99515705e-002	0.00000000e+000	
1.27417612e-003	4.99515358e-002	4.99515358e-002	0.00000000e+000	
1.27745163e-003	4.99515011e-002	4.99515011e-002	0.00000000e+000	
1.28072715e-003	4.99514664e-002	4.99514664e-002	0.00000000e+000	
1.28400267e-003	4.99514317e-002	4.99514317e-002	0.00000000e+000	
1.28727819e-003	4.99513525e-002	4.99513525e-002	0.00000000e+000	
1.29055370e-003	4.99512672e-002	4.99512672e-002	0.00000000e+000	
1.29382922e-003	4.99511819e-002	4.99511819e-002	0.00000000e+000	
1.29710474e-003	4.99510966e-002	4.99510966e-002	0.00000000e+000	
1.30038025e-003	4.99510113e-002	4.99510113e-002	0.00000000e+000	
1.30365577e-003	4.99509260e-002	4.99509260e-002	0.00000000e+000	
1.30693129e-003	4.99508407e-002	4.99508407e-002	0.00000000e+000	
1.31020680e-003	4.99507554e-002	4.99507554e-002	0.00000000e+000	
1.31348232e-003	4.99506701e-002	4.99506701e-002	0.00000000e+000	
1.31675784e-003	4.99505849e-002	4.99505849e-002	0.00000000e+000	
1.32003336e-003	4.99504996e-002	4.99504996e-002	0.00000000e+000	
1.32330887e-003	4.99504143e-002	4.99504143e-002	0.00000000e+000	
1.32658439e-003	4.99503290e-002	4.99503290e-002	0.00000000e+000	
1.32985991e-003	4.99502437e-002	4.99502437e-002	0.00000000e+000	
1.33313542e-003	4.99501584e-002	4.99501584e-002	0.00000000e+000	
1.33641094e-003	4.99500731e-002	4.99500731e-002	0.00000000e+000	
1.33968646e-003	4.99499878e-002	4.99499878e-002	0.00000000e+000	
1.34296197e-003	4.99499025e-002	4.99499025e-002	0.00000000e+000	
1.34623749e-003	4.99498172e-002	4.99498172e-002	0.00000000e+000	
1.34951301e-003	4.99497320e-002	4.99497320e-002	0.00000000e+000	
1.35278853e-003	4.99496467e-002	4.99496467e-002	0.00000000e+000	
1.35606404e-003	4.99495614e-002	4.99495614e-002	0.00000000e+000	
1.35933956e-003	4.99494761e-002	4.99494761e-002	0.00000000e+000	
1.36261508e-003	4.99493908e-002	4.99493908e-002	0.00000000e+000	
1.36589059e-003	4.99493055e-002	4.99493055e-002	0.00000000e+000	
1.36916611e-003	4.99492202e-002	4.99492202e-002	0.00000000e+000	
1.37244163e-003	4.99491349e-002	4.99491349e-002	0.00000000e+000	
1.37571714e-003	4.99490496e-002	4.99490496e-002	0.00000000e+000	
1.37899266e-003	4.99489643e-002	4.99489643e-002	0.00000000e+000	
1.38226818e-003	4.99488791e-002	4.99488791e-002	0.00000000e+000	
1.38554370e-003	4.99487938e-002	4.99487938e-002	0.00000000e+000	
1.38881921e-003	4.99487085e-002	4.99487085e-002	0.00000000e+000	
1.39209473e-003	4.99486232e-002	4.99486232e-002	0.00000000e+000	
1.39537025e-003	4.99485379e-002	4.99485379e-002	0.00000000e+000	
1.39864576e-003	4.99484526e-002	4.99484526e-002	0.00000000e+000	
1.40192128e-003	4.99483673e-002	4.99483673e-002	0.00000000e+000	
1.40519680e-003	4.99482820e-002	4.99482820e-002	0.00000000e+000	
1.40847231e-003	4.99481967e-002	4.99481967e-002	0.00000000e+000	
1.41174783e-003	4.99481114e-002	4.99481114e-002	0.00000000e+000	
1.41502335e-003	4.99480262e-002	4.99480262e-002	0.00000000e+000	
1.41829887e-003	4.99479409e-002	4.99479409e-002	0.00000000e+000	
1.42157438e-003	4.99478556e-002	4.99478556e-002	0.00000000e+000	
1.42484990e-003	4.99477703e-002	4.99477703e-002	0.00000000e+000	
1.42812542e-003	4.99476850e-002	4.99476850e-002	0.00000000e+000	
1.43140093e-003	4.99475997e-002	4.99475997e-002	0.00000000e+000	
1.43467645e-003	4.99475144e-002	4.99475144e-002	0.00000000e+000	
1.43795197e-003	4.99474291e-002	4.99474291e-002	0.00000000e+000	
1.44122748e-003	4.99473438e-002	4.99473438e-002	0.00000000e+000	
1.44450300e-003	4.99472585e-002	4.99472585e-002	0.00000000e+000	
1.44777852e-003	4.99471732e-002	4.99471732e-002	0.00000000e+000	
1.45105404e-003	4.99470880e-002	4.99470880e-002	0.00000000e+000	
1.45432955e-003	4.99470027e-002	4.99470027e-002	0.00000000e+000	
1.45760507e-003	4.99469174e-002	4.99469174e-002	0.00000000e+000	
1.46088059e-003	4.99468321e-002	4.99468321e-002	0.00000000e+000	
1.46415610e-003	4.99467468e-002	4.99467468e-002	0.00000000e+000	
1.46743162e-003	4.99466615e-002	4.99466615e-002	0.00000000e+000	
1.47070714e-003	4.99465762e-002	4.99465762e-002	0.00000000e+000	
1.47398266e-003	4.99464909e-002	4.99464909e-002	0.00000000e+000	
1.47725817e-003	4.99464056e-002	4.99464056e-002	0.00000000e+000	
1.48053369e-003	4.99463203e-002	4.99463203e-002	0.00000000e+000	
1.48380921e-003	4.99462351e-002	4.99462351e-002	0.00000000e+000	
1.48708472e-003	4.99461498e-002	4.99461498e-002	0.00000000e+000	
1.49036024e-003	4.99460645e-002	4.99460645e-002	0.00000000e+000	
1.49363576e-003	4.99459792e-002	4.99459792e-002	0.00000000e+000	
1.49691127e-003	4.99458939e-002	4.99458939e-002	0.00000000e+000	
1.50018679e-003	4.99458086e-002	4.99458086e-002	0.00000000e+000	
1.50346231e-003	4.99457233e-002	4.99457233e-002	0.00000000e+000	
1.50673783e-003	4.99456380e-002	4.99456380e-002	0.00000000e+000	
1.51001334e-003	4.99455527e-002	4.99455527e-002	0.00000000e+000	
1.51328886e-003	4.99454674e-002	4.99454674e-002	0.00000000e+000	
1.51656438e-003	4.99453822e-002	4.99453822e-002	0.00000000e+000	
1.51983989e-003	4.99452969e-002	4.99452969e-002	0.00000000e+000	
1.52311541e-003	4.99452116e-002	4.99452116e-002	0.00000000e+000	
1.52639093e-003	4.99451263e-002	4.99451263e-002	0.00000000e+000	
1.52966644e-003	4.99450410e-002	4.99450410e-002	0.00000000e+000	
1.53294196e-003	4.99449557e-002	4.99449557e-002	0.00000000e+000	
1.53621748e-003	4.99448704e-002	4.99448704e-002	0.00000000e+000	
1.53949300e-003	4.99447851e-002	4.99447851e-002	0.00000000e+000	
1.54276851e-003	4.99446998e-002	4.99446998e-002	0.00000000e+000	
1.54604403e-003	4.99446145e-002	4.99446145e-002	0.00000000e+000	
1.54931955e-003	4.99445293e-002	4.99445293e-002	0.00000000e+000	
1.55259506e-003	4.99444440e-002	4.99444440e-002	0.00000000e+000	
1.55587058e-003	4.99443587e-002	4.99443587e-002	0.00000000e+000	
1.55914610e-003	4.99442734e-002	4.99442734e-002	0.00000000e+000	
1.56242161e-003	4.99441881e-002	4.99441881e-002	0.00000000e+000	
1.56569713e-003	4.99441028e-002	4.99441028e-002	0.00000000e+000	
1.56897265e-003	4.99440175e-002	4.99440175e-002	0.00000000e+000	
1.57224817e-003	4.99439322e-002	4.99439322e-002	0.00000000e+000	
1.57552368e-003	4.99438469e-002	4.99438469e-002	0.00000000e+000	
1.57879920e-003	4.99437616e-002	4.99437616e-002	0.00000000e+000	
1.58207472e-003	4.99436763e-002	4.99436763e-002	0.00000000e+000	
1.58535023e-003	4.99435911e-002	4.99435911e-002	0.00000000e+000	
1.58862575e-003	4.99435058e-002	4.99435058e-002	0.00000000e+000	
1.59190127e-003	4.99434205e-002	4.99434205e-002	0.00000000e+000	
1.59517678e-003	4.99433352e-002	4.99433352e-002	0.00000000e+000	
1.59845230e-003	4.99432499e-002	4.99432499e-002	0.00000000e+000	
1.60172782e-003	4.99431646e-002	4.99431646e-002	0.00000000e+000	
1.60500334e-003	4.99430793e-002	4.99430793e-002	0.00000000e+000	
1.60827885e-003	4.99429940e-002	4.99429940e-002	0.00000000e+000	
1.61155437e-003	4.99429087e-002	4.99429087e-002	0.00000000e+000	
1.61482989e-003	4.99428234e-002	4.99428234e-002	0.00000000e+000	
1.61810540e-003	4.99427382e-002	4.99427382e-002	0.00000000e+000	
1.62138092e-003	4.99426529e-002	4.99426529e-002	0.00000000e+000	
1.62465644e-003	4.99425676e-002	4.99425676e-002	0.00000000e+000	
1.62793195e-003	4.99424823e-002	4.99424823e-002	0.00000000e+000	
1.63120747e-003	4.99423970e-002	4.99423970e-002	0.00000000e+000	
1.63448299e-003	4.99423117e-002	4.99423117e-002	0.00000000e+000	
1.63775851e-003	4.99422264e-002	4.99422264e-002	0.00000000e+000	
1.64103402e-003	4.99421411e-002	4.99421411e-002	0.00000000e+000	
1.64430954e-003	4.99420558e-002	4.99420558e-002	0.00000000e+000	
1.64758506e-003	4.99419705e-002	4.99419705e-002	0.00000000e+000	
1.65086057e-003	4.99418853e-002	4.99418853e-002	0.00000000e+000	
1.65413609e-003	4.99418000e-002	4.99418000e-002	0.00000000e+000	
1.65741161e-003	4.99417147e-002	4.99417147e-002	0.00000000e+000	
1.66068712e-003	4.99416294e-002	4.99416294e-002	0.00000000e+000	
1.66396264e-003	4.99415441e-002	4.99415441e-002	0.00000000e+000	
1.66723816e-003	4.99414588e-002	4.99414588e-002	0.00000000e+000	
1.67051368e-003	4.99413735e-002	4.99413735e-002	0.00000000e+000	
1.67378919e-003	4.99412882e-002	4.99412882e-002	0.00000000e+000	
1.67706471e-003	4.99412029e-002	4.99412029e-002	0.00000000e+000	
1.68034023e-003	4.99411176e-002	4.99411176e-002	0.00000000e+000	
1.68361574e-003	4.99410324e-002	4.99410324e-002	0.00000000e+000	
1.68689126e-003	4.99409471e-002	4.99409471e-002	0.00000000e+000	
1.69016678e-003	4.99408618e-002	4.99408618e-002	0.00000000e+000	
1.69344229e-003	4.99407765e-002	4.99407765e-002	0.00000000e+000	
1.69671781e-003	4.99406912e-002	4.99406912e-002	0.00000000e+000	
1.69999333e-003	4.99406059e-002	4.99406059e-002	0.00000000e+000	
1.70326885e-003	4.99405206e-002	4.99405206e-002	0.00000000e+000	
1.70654436e-003	4.99404353e-002	4.99404353e-002	0.00000000e+000	
1.70981988e-003	4.99403500e-002	4.99403500e-002	0.00000000e+000	
1.71309540e-003	4.99402647e-002	4.99402647e-002	0.00000000e+000	
1.71637091e-003	4.99401795e-002	4.99401795e-002	0.00000000e+000	
1.71964643e-003	4.99400942e-002	4.99400942e-002	0.00000000e+000	
1.72292195e-003	4.99400089e-002	4.99400089e-002	0.00000000e+000	
1.72619746e-003	4.99399236e-002	4.99399236e-002	0.00000000e+000	
1.72947298e-003	4.99398383e-002	4.99398383e-002	0.00000000e+000	
1.73274850e-003	4.99397530e-002	4.99397530e-002	0.00000000e+000	
1.73602402e-003	4.99396677e-002	4.99396677e-002	0.00000000e+000	
1.73929953e-003	4.99395824e-002	4.99395824e-002	0.00000000e+000	
1.74257505e-003	4.99394971e-002	4.99394971e-002	0.00000000e+000	
1.74585057e-003	4.99394118e-002	4.99394118e-002	0.00000000e+000	
1.74912608e-003	4.99393265e-002	4.99393265e-002	0.00000000e+000	
1.75240160e-003	4.99392413e-002	4.99392413e-002	0.00000000e+000	
1.75567712e-003	4.99391560e-002	4.99391560e-002	0.00000000e+000	
1.75895264e-003	4.99390707e-002	4.99390707e-002	0.00000000e+000	
1.76222815e-003	4.99389854e-002	4.99389854e-002	0.00000000e+000	
1.76550367e-003	4.99389001e-002	4.99389001e-002	0.00000000e+000	
1.76877919e-003	4.99388148e-002	4.99388148e-002	0.00000000e+000	
1.77205470e-003	4.99387295e-002	4.99387295e-002	0.00000000e+000	
1.77533022e-003	4.99386470e-002	4.99386470e-002	0.00000000e+000	
1.77860574e-003	4.99386116e-002	4.99386116e-002	0.00000000e+000	
1.78188125e-003	4.99385761e-002	4.99385761e-002	0.00000000e+000	
1.78515677e-003	4.99385407e-002	4.99385407e-002	0.00000000e+000	
1.78843229e-003	4.99385053e-002	4.99385053e-002	0.00000000e+000	
1.79170781e-003	4.99384698e-002	4.99384698e-002	0.00000000e+000	
1.79498332e-003	4.99384344e-002	4.99384344e-002	0.00000000e+000	
1.79825884e-003	4.99383990e-002	4.99383990e-002	0.00000000e+000	
1.80153436e-003	4.99383636e-002	4.99383636e-002	0.00000000e+000	
1.80480987e-003	4.99383281e-002	4.99383281e-002	0.00000000e+000	
1.80808539e-003	4.99382927e-002	4.99382927e-002	0.00000000e+000	
1.81136091e-003	4.99382573e-002	4.99382573e-002	0.00000000e+000	
1.81463642e-003	4.99382218e-002	4.99382218e-002	0.00000000e+000	
1.81791194e-003	4.99381864e-002	4.99381864e-002	0.00000000e+000	
1.82118746e-003	4.99381510e-002	4.99381510e-002	0.00000000e+000	
1.82446298e-003	4.99381156e-002	4.99381156e-002	0.00000000e+000	
1.82773849e-003	4.99380801e-002	4.99380801e-002	0.00000000e+000	
1.83101401e-003	4.99380447e-002	4.99380447e-002	0.00000000e+000	
1.83428953e-003	4.99380093e-002	4.99380093e-002	0.00000000e+000	
1.83756504e-003	4.99379738e-002	4.99379738e-002	0.00000000e+000	
1.84084056e-003	4.99379384e-002	4.99379384e-002	0.00000000e+000	
1.84411608e-003	4.99379030e-002	4.99379030e-002	0.00000000e+000	
1.84739159e-003	4.99378676e-002	4.99378676e-002	0.00000000e+000	
1.85066711e-003	4.99378321e-002	4.99378321e-002	0.00000000e+000	
1.85394263e-003	4.99377967e-002	4.99377967e-002	0.00000000e+000	
1.85721815e-003	4.99377613e-002	4.99377613e-002	0.00000000e+000	
1.86049366e-003	4.99377258e-002	4.99377258e-002	0.00000000e+000	
1.86376918e-003	4.99376904e-002	4.99376904e-002	0.00000000e+000	
1.86704470e-003	4.99376550e-002	4.99376550e-002	0.00000000e+000	
1.87032021e-003	4.99376196e-002	4.99376196e-002	0.00000000e+000	
1.87359573e-003	4.99375841e-002	4.99375841e-002	0.00000000e+000	
1.87687125e-003	4.99375487e-002	4.99375487e-002	0.00000000e+000	
1.88014676e-003	4.99375133e-002	4.99375133e-002	0.00000000e+000	
1.88342228e-003	4.99374778e-002	4.99374778e-002	0.00000000e+000	
1.88669780e-003	4.99374424e-002	4.99374424e-002	0.00000000e+000	
1.88997332e-003	4.99374070e-002	4.99374070e-002	0.00000000e+000	
1.89324883e-003	4.99373716e-002	4.99373716e-002	0.00000000e+000	
1.89652435e-003	4.99373361e-002	4.99373361e-002	0.00000000e+000	
1.89979987e-003	4.99373007e-002	4.99373007e-002	0.00000000e+000	
1.90307538e-003	4.99372653e-002	4.99372653e-002	0.00000000e+000	
1.90635090e-003	4.99372298e-002	4.99372298e-002	0.00000000e+000	
1.90962642e-003	4.99371944e-002	4.99371944e-002	0.00000000e+000	
1.91290193e-003	4.99371590e-002	4.99371590e-002	0.00000000e+000	
1.91617745e-003	4.99371236e-002	4.99371236e-002	0.00000000e+000	
1.91945297e-003	4.99370881e-002	4.99370881e-002	0.00000000e+000	
1.92272849e-003	4.99370527e-002	4.99370527e-002	0.00000000e+000	
1.92600400e-003	4.99370193e-002	4.99370193e-002	0.00000000e+000	
1.92927952e-003	4.99369882e-002	4.99369882e-002	0.00000000e+000	
1.93255504e-003	4.99369572e-002	4.99369572e-002	0.00000000e+000	
1.93583055e-003	4.99369261e-002	4.99369261e-002	0.00000000e+000	
1.93910607e-003	4.99368950e-002	4.99368950e-002	0.00000000e+000	
1.94238159e-003	4.99368639e-002	4.99368639e-002	0.00000000e+000	
1.94565710e-003	4.99368328e-002	4.99368328e-002	0.00000000e+000	
1.94893262e-003	4.99368017e-002	4.99368017e-002	0.00000000e+000	
1.95220814e-003	4.99367707e-002	4.99367707e-002	0.00000000e+000	
1.95548366e-003	4.99367396e-002	4.99367396e-002	0.00000000e+000	
1.95875917e-003	4.99367085e-002	4.99367085e-002	0.00000000e+000	
1.96203469e-003	4.99366774e-002	4.99366774e-002	0.00000000e+000	
1.96531021e-003	4.99366463e-002	4.99366463e-002	0.00000000e+000	
1.96858572e-003	4.99366153e-002	4.99366153e-002	0.00000000e+000	
1.97186124e-003	4.99365842e-002	4.99365842e-002	0.00000000e+000	
1.97513676e-003	4.99365531e-002	4.99365531e-002	0.00000000e+000	
1.97841227e-003	4.99365220e-002	4.99365220e-002	0.00000000e+000	
1.98168779e-003	4.99364909e-002	4.99364909e-002	0.00000000e+000	
1.98496331e-003	4.99364598e-002	4.99364598e-002	0.00000000e+000	
1.98823883e-003	4.99364288e-002	4.99364288e-002	0.00000000e+000	
1.99151434e-003	4.99363977e-002	4.99363977e-002	0.00000000e+000	
1.99478986e-003	4.99363666e-002	4.99363666e-002	0.00000000e+000	
1.99806538e-003	4.99363355e-002	4.99363355e-002	0.00000000e+000	
2.00134089e-003	4.99363044e-002	4.99363044e-002	0.00000000e+000	
2.00461641e-003	4.99362734e-002	4.99362734e-002	0.00000000e+000	
2.00789193e-003	4.99362423e-002	4.99362423e-002	0.00000000e+000	
2.01116744e-003	4.99362112e-002	4.99362112e-002	0.00000000e+000	
2.01444296e-003	4.99361801e-002	4.99361801e-002	0.00000000e+000	
2.01771848e-003	4.99361490e-002	4.99361490e-002	0.00000000e+000	
2.02099400e-003	4.99361179e-002	4.99361179e-002	0.00000000e+000	
2.02426951e-003	4.99360869e-002	4.99360869e-002	0.00000000e+000	
2.02754503e-003	4.99360558e-002	4.99360558e-002	0.00000000e+000	
2.03082055e-003	4.99360247e-002	4.99360247e-002	0.00000000e+000	
2.03409606e-003	4.99359936e-002	4.99359936e-002	0.00000000e+000	
2.03737158e-003	4.99359625e-002	4.99359625e-002	0.00000000e+000	
2.04064710e-003	4.99359314e-002	4.99359314e-002	0.00000000e+000	
2.04392262e-003	4.99359004e-002	4.99359004e-002	0.00000000e+000	
2.04719813e-003	4.99358693e-002	4.99358693e-002	0.00000000e+000	
2.05047365e-003	4.99358382e-002	4.99358382e-002	0.00000000e+000	
2.05374917e-003	4.99358071e-002	4.99358071e-002	0.00000000e+000	
2.05702468e-003	4.99357760e-002	4.99357760e-002	0.00000000e+000	
2.06030020e-003	4.99357450e-002	4.99357450e-002	0.00000000e+000	
2.06357572e-003	4.99357139e-002	4.99357139e-002	0.00000000e+000	
2.06685123e-003	4.99356828e-002	4.99356828e-002	0.00000000e+000	
2.07012675e-003	4.99356517e-002	4.99356517e-002	0.00000000e+000	
2.07340227e-003	4.99356206e-002	4.99356206e-002	0.00000000e+000	
2.07667779e-003	4.99355895e-002	4.99355895e-002	0.00000000e+000	
2.07995330e-003	4.99355585e-002	4.99355585e-002	0.00000000e+000	
2.08322882e-003	4.99355274e-002	4.99355274e-002	0.00000000e+000	
2.08650434e-003	4.99354963e-002	4.99354963e-002	0.00000000e+000	
2.08977985e-003	4.99354652e-002	4.99354652e-002	0.00000000e+000	
2.09305537e-003	4.99354341e-002	4.99354341e-002	0.00000000e+000	
2.09633089e-003	4.99354031e-002	4.99354031e-002	0.00000000e+000	
2.09960640e-003	4.99353720e-002	4.99353720e-002	0.00000000e+000	
2.10288192e-003	4.99353409e-002	4.99353409e-002	0.00000000e+000	
2.10615744e-003	4.99353098e-002	4.99353098e-002	0.00000000e+000	
2.10943296e-003	4.99352787e-002	4.99352787e-002	0.00000000e+000	
2.11270847e-003	4.99352476e-002	4.99352476e-002	0.00000000e+000	
2.11598399e-003	4.99352166e-002	4.99352166e-002	0.00000000e+000	
2.11925951e-003	4.99351855e-002	4.99351855e-002	0.00000000e+000	
2.12253502e-003	4.99351544e-002	4.99351544e-002	0.00000000e+000	
2.12581054e-003	4.99351233e-002	4.99351233e-002	0.00000000e+000	
2.12908606e-003	4.99350922e-002	4.99350922e-002	0.00000000e+000	
2.13236157e-003	4.99350612e-002	4.99350612e-002	0.00000000e+000	
2.13563709e-003	4.99350301e-002	4.99350301e-002	0.00000000e+000	
2.13891261e-003	4.99349990e-002	4.99349990e-002	0.00000000e+000	
2.14218813e-003	4.99349679e-002	4.99349679e-002	0.00000000e+000	
2.14546364e-003	4.99349368e-002	4.99349368e-002	0.00000000e+000	
2.14873916e-003	4.99349057e-002	4.99349057e-002	0.00000000e+000	
2.15201468e-003	4.99348747e-002	4.99348747e-002	0.00000000e+000	
2.15529019e-003	4.99348436e-002	4.99348436e-002	0.00000000e+000	
2.15856571e-003	4.99348125e-002	4.99348125e-002	0.00000000e+000	
2.16184123e-003	4.99347814e-002	4.99347814e-002	0.00000000e+000	
2.16511674e-003	4.99347503e-002	4.99347503e-002	0.00000000e+000	
2.16839226e-003	4.99347192e-002	4.99347192e-002	0.00000000e+000	
2.17166778e-003	4.99346882e-002	4.99346882e-002	0.00000000e+000	
2.17494330e-003	4.99346571e-002	4.99346571e-002	0.00000000e+000	
2.17821881e-003	4.99346260e-002	4.99346260e-002	0.00000000e+000	
2.18149433e-003	4.99345949e-002	4.99345949e-002	0.00000000e+000	
2.18476985e-003	4.99345638e-002	4.99345638e-002	0.00000000e+000	
2.18804536e-003	4.99345328e-002	4.99345328e-002	0.00000000e+000	
2.19132088e-003	4.99345017e-002	4.99345017e-002	0.00000000e+000	
2.19459640e-003	4.99344706e-002	4.99344706e-002	0.00000000e+000	
2.19787191e-003	4.99344395e-002	4.99344395e-002	0.00000000e+000	
2.20114743e-003	4.99344084e-002	4.99344084e-002	0.00000000e+000	
2.20442295e-003	4.99343773e-002	4.99343773e-002	0.00000000e+000	
2.20769847e-003	4.99343463e-002	4.99343463e-002	0.00000000e+000	
2.21097398e-003	4.99343152e-002	4.99343152e-002	0.00000000e+000	
2.21424950e-003	4.99342841e-002	4.99342841e-002	0.00000000e+000	
2.21752502e-003	4.99342530e-002	4.99342530e-002	0.00000000e+000	
2.22080053e-003	4.99342219e-002	4.99342219e-002	0.00000000e+000	
2.22407605e-003	4.99341909e-002	4.99341909e-002	0.00000000e+000	
2.22735157e-003	4.99341598e-002	4.99341598e-002	0.00000000e+000	
2.23062708e-003	4.99341287e-002	4.99341287e-002	0.00000000e+000	
2.23390260e-003	4.99340976e-002	4.99340976e-002	0.00000000e+000	
2.23717812e-003	4.99340665e-002	4.99340665e-002	0.00000000e+000	
2.24045364e-003	4.99340354e-002	4.99340354e-002	0.00000000e+000	
2.24372915e-003	4.99340044e-002	4.99340044e-002	0.00000000e+000	
2.24700467e-003	4.99339733e-002	4.99339733e-002	0.00000000e+000	
2.25028019e-003	4.99339422e-002	4.99339422e-002	0.00000000e+000	
2.25355570e-003	4.99339111e-002	4.99339111e-002	0.00000000e+000	
2.25683122e-003	4.99338800e-002	4.99338800e-002	0.00000000e+000	
2.26010674e-003	4.99338490e-002	4.99338490e-002	0.00000000e+000	
2.26338225e-003	4.99338179e-002	4.99338179e-002	0.00000000e+000	
2.26665777e-003	4.99337868e-002	4.99337868e-002	0.00000000e+000	
2.26993329e-003	4.99337557e-002	4.99337557e-002	0.00000000e+000	
2.27320881e-003	4.99337246e-002	4.99337246e-002	0.00000000e+000	
2.27648432e-003	4.99336935e-002	4.99336935e-002	0.00000000e+000	
2.27975984e-003	4.99336625e-002	4.99336625e-002	0.00000000e+000	
2.28303536e-003	4.99336314e-002	4.99336314e-002	0.00000000e+000	
2.28631087e-003	4.99336003e-002	4.99336003e-002	0.00000000e+000	
2.28958639e-003	4.99335692e-002	4.99335692e-002	0.00000000e+000	
2.29286191e-003	4.99335381e-002	4.99335381e-002	0.00000000e+000	
2.29613742e-003	4.99335070e-002	4.99335070e-002	0.00000000e+000	
2.29941294e-003	4.99334760e-002	4.99334760e-002	0.00000000e+000	
2.30268846e-003	4.99334449e-002	4.99334449e-002	0.00000000e+000	
2.30596398e-003	4.99334138e-002	4.99334138e-002	0.00000000e+000	
2.30923949e-003	4.99333827e-002	4.99333827e-002	0.00000000e+000	
2.31251501e-003	4.99333516e-002	4.99333516e-002	0.00000000e+000	
2.31579053e-003	4.99333206e-002	4.99333206e-002	0.00000000e+000	
2.31906604e-003	4.99332895e-002	4.99332895e-002	0.00000000e+000	
2.32234156e-003	4.99332584e-002	4.99332584e-002	0.00000000e+000	
2.32561708e-003	4.99332273e-002	4.99332273e-002	0.00000000e+000	
2.32889260e-003	4.99331962e-002	4.99331962e-002	0.00000000e+000	
2.33216811e-003	4.99331651e-002	4.99331651e-002	0.00000000e+000	
2.33544363e-003	4.99331341e-002	4.99331341e-002	0.00000000e+000	
2.33871915e-003	4.99331030e-002	4.99331030e-002	0.00000000e+000	
2.34199466e-003	4.99330719e-002	4.99330719e-002	0.00000000e+000	
2.34527018e-003	4.99330408e-002	4.99330408e-002	0.00000000e+000	
2.34854570e-003	4.99330097e-002	4.99330097e-002	0.00000000e+000	
2.35182121e-003	4.99329787e-002	4.99329787e-002	0.00000000e+000	
2.35509673e-003	4.99329476e-002	4.99329476e-002	0.00000000e+000	
2.35837225e-003	4.99329165e-002	4.99329165e-002	0.00000000e+000	
2.36164777e-003	4.99328854e-002	4.99328854e-002	0.00000000e+000	
2.36492328e-003	4.99328543e-002	4.99328543e-002	0.00000000e+000	
2.36819880e-003	4.99328232e-002	4.99328232e-002	0.00000000e+000	
2.37147432e-003	4.99327922e-002	4.99327922e-002	0.00000000e+000	
2.37474983e-003	4.99327611e-002	4.99327611e-002	0.00000000e+000	
2.37802535e-003	4.99327300e-002	4.99327300e-002	0.00000000e+000	
2.38130087e-003	4.99326989e-002	4.99326989e-002	0.00000000e+000	
2.38457638e-003	4.99326678e-002	4.99326678e-002	0.00000000e+000	
2.38785190e-003	4.99326368e-002	4.99326368e-002	0.00000000e+000	
2.39112742e-003	4.99326057e-002	4.99326057e-002	0.00000000e+000	
2.39440294e-003	4.99325746e-002	4.99325746e-002	0.00000000e+000	
2.39767845e-003	4.99325435e-002	4.99325435e-002	0.00000000e+000	
2.40095397e-003	4.99325124e-002	4.99325124e-002	0.00000000e+000	
2.40422949e-003	4.99324813e-002	4.99324813e-002	0.00000000e+000	
2.40750500e-003	4.99324503e-002	4.99324503e-002	0.00000000e+000	
2.41078052e-003	4.99324192e-002	4.99324192e-002	0.00000000e+000	
2.41405604e-003	4.99323881e-002	4.99323881e-002	0.00000000e+000	
2.41733155e-003	4.99323570e-002	4.99323570e-002	0.00000000e+000	
2.42060707e-003	4.99323259e-002	4.99323259e-002	0.00000000e+000	
2.42388259e-003	4.99322948e-002	4.99322948e-002	0.00000000e+000	
2.42715811e-003	4.99322638e-002	4.99322638e-002	0.00000000e+000	
2.43043362e-003	4.99322409e-002	4.99322409e-002	0.00000000e+000	
2.43370914e-003	4.99322212e-002	4.99322212e-002	0.00000000e+000	
2.43698466e-003	4.99322014e-002	4.99322014e-002	0.00000000e+000	
2.44026017e-003	4.99321817e-002	4.99321817e-002	0.00000000e+000	
2.44353569e-003	4.99321620e-002	4.99321620e-002	0.00000000e+000	
2.44681121e-003	4.99321423e-002	4.99321423e-002	0.00000000e+000	
2.45008672e-003	4.99321225e-002	4.99321225e-002	0.00000000e+000	
2.45336224e-003	4.99321028e-002	4.99321028e-002	0.00000000e+000	
2.45663776e-003	4.99320831e-002	4.99320831e-002	0.00000000e+000	
2.45991328e-003	4.99320634e-002	4.99320634e-002	0.00000000e+000	
2.46318879e-003	4.99320436e-002	4.99320436e-002	0.00000000e+000	
2.46646431e-003	4.99320239e-002	4.99320239e-002	0.00000000e+000	
2.46973983e-003	4.99320042e-002	4.99320042e-002	0.00000000e+000	
2.47301534e-003	4.99319845e-002	4.99319845e-002	0.00000000e+000	
2.47629086e-003	4.99319647e-002	4.99319647e-002	0.00000000e+000	
2.47956638e-003	4.99319450e-002	4.99319450e-002	0.00000000e+000	
2.48284189e-003	4.99319253e-002	4.99319253e-002	0.00000000e+000	
2.48611741e-003	4.99319056e-002	4.99319056e-002	0.00000000e+000	
2.48939293e-003	4.99318858e-002	4.99318858e-002	0.00000000e+000	
2.49266845e-003	4.99318661e-002	4.99318661e-002	0.00000000e+000	
2.49594396e-003	4.99318464e-002	4.99318464e-002	0.00000000e+000	
2.49921948e-003	4.99318267e-002	4.99318267e-002	0.00000000e+000	
2.50249500e-003	4.99318069e-002	4.99318069e-002	0.00000000e+000	
2.50577051e-003	4.99317872e-002	4.99317872e-002	0.00000000e+000	
2.50904603e-003	4.99317675e-002	4.99317675e-002	0.00000000e+000	
2.51232155e-003	4.99317478e-002	4.99317478e-002	0.00000000e+000	
2.51559706e-003	4.99317280e-002	4.99317280e-002	0.00000000e+000	
2.51887258e-003	4.99317083e-002	4.99317083e-002	0.00000000e+000	
2.52214810e-003	4.99316886e-002	4.99316886e-002	0.00000000e+000	
2.52542362e-003	4.99316689e-002	4.99316689e-002	0.00000000e+000	
2.52869913e-003	4.99316495e-002	4.99316495e-002	0.00000000e+000	
2.53197465e-003	4.99316304e-002	4.99316304e-002	0.00000000e+000	
2.53525017e-003	4.99316113e-002	4.99316113e-002	0.00000000e+000	
2.53852568e-003	4.99315923e-002	4.99315923e-002	0.00000000e+000	
2.54180120e-003	4.99315732e-002	4.99315732e-002	0.00000000e+000	
2.54507672e-003	4.99315542e-002	4.99315542e-002	0.00000000e+000	
2.54835223e-003	4.99315351e-002	4.99315351e-002	0.00000000e+000	
2.55162775e-003	4.99315161e-002	4.99315161e-002	0.00000000e+000	
2.55490327e-003	4.99314970e-002	4.99314970e-002	0.00000000e+000	
2.55817879e-003	4.99314779e-002	4.99314779e-002	0.00000000e+000	
2.56145430e-003	4.99314589e-002	4.99314589e-002	0.00000000e+000	
2.56472982e-003	4.99314398e-002	4.99314398e-002	0.00000000e+000	
2.56800534e-003	4.99314208e-002	4.99314208e-002	0.00000000e+000	
2.57128085e-003	4.99314017e-002	4.99314017e-002	0.00000000e+000	
2.57455637e-003	4.99313827e-002	4.99313827e-002	0.00000000e+000	
2.57783189e-003	4.99313636e-002	4.99313636e-002	0.00000000e+000	
2.58110740e-003	4.99313446e-002	4.99313446e-002	0.00000000e+000	
2.58438292e-003	4.99313255e-002	4.99313255e-002	0.00000000e+000	
2.58765844e-003	4.99313064e-002	4.99313064e-002	0.00000000e+000	
2.59093396e-003	4.99312874e-002	4.99312874e-002	0.00000000e+000	
2.59420947e-003	4.99312683e-002	4.99312683e-002	0.00000000e+000	
2.59748499e-003	4.99312493e-002	4.99312493e-002	0.00000000e+000	
2.60076051e-003	4.99312302e-002	4.99312302e-002	0.00000000e+000	
2.60403602e-003	4.99312112e-002	4.99312112e-002	0.00000000e+000	
2.60731154e-003	4.99311921e-002	4.99311921e-002	0.00000000e+000	
2.61058706e-003	4.99311731e-002	4.99311731e-002	0.00000000e+000	
2.61386258e-003	4.99311540e-002	4.99311540e-002	0.00000000e+000	
2.61713809e-003	4.99311349e-002	4.99311349e-002	0.00000000e+000	
2.62041361e-003	4.99311159e-002	4.99311159e-002	0.00000000e+000	
2.62368913e-003	4.99310968e-002	4.99310968e-002	0.00000000e+000	
2.62696464e-003	4.99310778e-002	4.99310778e-002	0.00000000e+000	
2.63024016e-003	4.99310587e-002	4.99310587e-002	0.00000000e+000	
2.63351568e-003	4.99310397e-002	4.99310397e-002	0.00000000e+000	
2.63679119e-003	4.99310206e-002	4.99310206e-002	0.00000000e+000	
2.64006671e-003	4.99310015e-002	4.99310015e-002	0.00000000e+000	
2.64334223e-003	4.99309825e-002	4.99309825e-002	0.00000000e+000	
2.64661775e-003	4.99309634e-002	4.99309634e-002	0.00000000e+000	
2.64989326e-003	4.99309444e-002	4.99309444e-002	0.00000000e+000	
2.65316878e-003	4.99309253e-002	4.99309253e-002	0.00000000e+000	
2.65644430e-003	4.99309063e-002	4.99309063e-002	0.00000000e+000	
2.65971981e-003	4.99308872e-002	4.99308872e-002	0.00000000e+000	
2.66299533e-003	4.99308682e-002	4.99308682e-002	0.00000000e+000	
2.66627085e-003	4.99308491e-002	4.99308491e-002	0.00000000e+000	
2.66954636e-003	4.99308300e-002	4.99308300e-002	0.00000000e+000	
2.67282188e-003	4.99308110e-002	4.99308110e-002	0.00000000e+000	
2.67609740e-003	4.99307919e-002	4.99307919e-002	0.00000000e+000	
2.67937292e-003	4.99307729e-002	4.99307729e-002	0.00000000e+000	
2.68264843e-003	4.99307538e-002	4.99307538e-002	0.00000000e+000	
2.68592395e-003	4.99307348e-002	4.99307348e-002	0.00000000e+000	
2.68919947e-003	4.99307157e-002	4.99307157e-002	0.00000000e+000	
2.69247498e-003	4.99306966e-002	4.99306966e-002	0.00000000e+000	
2.69575050e-003	4.99306776e-002	4.99306776e-002	0.00000000e+000	
2.69902602e-003	4.99306585e-002	4.99306585e-002	0.00000000e+000	
2.70230153e-003	4.99306395e-002	4.99306395e-002	0.00000000e+000	
2.70557705e-003	4.99306204e-002	4.99306204e-002	0.00000000e+000	
2.70885257e-003	4.99306014e-002	4.99306014e-002	0.00000000e+000	
2.71212809e-003	4.99305823e-002	4.99305823e-002	0.00000000e+000	
2.71540360e-003	4.99305633e-002	4.99305633e-002	0.00000000e+000	
2.71867912e-003	4.99305442e-002	4.99305442e-002	0.00000000e+000	
2.72195464e-003	4.99305251e-002	4.99305251e-002	0.00000000e+000	
2.72523015e-003	4.99305061e-002	4.99305061e-002	0.00000000e+000	
2.72850567e-003	4.99304870e-002	4.99304870e-002	0.00000000e+000	
2.73178119e-003	4.99304680e-002	4.99304680e-002	0.00000000e+000	
2.73505670e-003	4.99304489e-002	4.99304489e-002	0.00000000e+000	
2.73833222e-003	4.99304299e-002	4.99304299e-002	0.00000000e+000	
2.74160774e-003	4.99304108e-002	4.99304108e-002	0.00000000e+000	
2.74488326e-003	4.99303917e-002	4.99303917e-002	0.00000000e+000	
2.74815877e-003	4.99303727e-002	4.99303727e-002	0.00000000e+000	
2.75143429e-003	4.99303536e-002	4.99303536e-002	0.00000000e+000	
2.75470981e-003	4.99303346e-002	4.99303346e-002	0.00000000e+000	
2.75798532e-003	4.99303155e-002	4.99303155e-002	0.00000000e+000	
2.76126084e-003	4.99302965e-002	4.99302965e-002	0.00000000e+000	
2.76453636e-003	4.99302774e-002	4.99302774e-002	0.00000000e+000	
2.76781187e-003	4.99302584e-002	4.99302584e-002	0.00000000e+000	
2.77108739e-003	4.99302393e-002	4.99302393e-002	0.00000000e+000	
2.77436291e-003	4.99302202e-002	4.99302202e-002	0.00000000e+000	
2.77763843e-003	4.99302012e-002	4.99302012e-002	0.00000000e+000	
2.78091394e-003	4.99301821e-002	4.99301821e-002	0.00000000e+000	
2.78418946e-003	4.99301631e-002	4.99301631e-002	0.00000000e+000	
2.78746498e-003	4.99301440e-002	4.99301440e-002	0.00000000e+000	
2.79074049e-003	4.99301250e-002	4.99301250e-002	0.00000000e+000	
2.79401601e-003	4.99301059e-002	4.99301059e-002	0.00000000e+000	
2.79729153e-003	4.99300868e-002	4.99300868e-002	0.00000000e+000	
2.80056704e-003	4.99300678e-002	4.99300678e-002	0.00000000e+000	
2.80384256e-003	4.99300487e-002	4.99300487e-002	0.00000000e+000	
2.80711808e-003	4.99300297e-002	4.99300297e-002	0.00000000e+000	
2.81039360e-003	4.99300106e-002	4.99300106e-002	0.00000000e+000	
2.81366911e-003	4.99299916e-002	4.99299916e-002	0.00000000e+000	
2.81694463e-003	4.99299725e-002	4.99299725e-002	0.00000000e+000	
2.82022015e-003	4.99299535e-002	4.99299535e-002	0.00000000e+000	
2.82349566e-003	4.99299344e-002	4.99299344e-002	0.00000000e+000	
2.82677118e-003	4.99299153e-002	4.99299153e-002	0.00000000e+000	
2.83004670e-003	4.99298963e-002	4.99298963e-002	0.00000000e+000	
2.83332221e-003	4.99298772e-002	4.99298772e-002	0.00000000e+000	
2.83659773e-003	4.99298582e-002	4.99298582e-002	0.00000000e+000	
2.83987325e-003	4.99298391e-002	4.99298391e-002	0.00000000e+000	
2.84314877e-003	4.99298201e-002	4.99298201e-002	0.00000000e+000	
2.84642428e-003	4.99298010e-002	4.99298010e-002	0.00000000e+000	
2.84969980e-003	4.99297820e-002	4.99297820e-002	0.00000000e+000	
2.85297532e-003	4.99297629e-002	4.99297629e-002	0.00000000e+000	
2.85625083e-003	4.99297438e-002	4.99297438e-002	0.00000000e+000	
2.85952635e-003	4.99297248e-002	4.99297248e-002	0.00000000e+000	
2.86280187e-003	4.99297057e-002	4.99297057e-002	0.00000000e+000	
2.86607738e-003	4.99296867e-002	4.99296867e-002	0.00000000e+000	
2.86935290e-003	4.99296676e-002	4.99296676e-002	0.00000000e+000	
2.87262842e-003	4.99296486e-002	4.99296486e-002	0.00000000e+000	
2.87590394e-003	4.99296295e-002	4.99296295e-002	0.00000000e+000	
2.87917945e-003	4.99296104e-002	4.99296104e-002	0.00000000e+000	
2.88245497e-003	4.99295914e-002	4.99295914e-002	0.00000000e+000	
2.88573049e-003	4.99295723e-002	4.99295723e-002	0.00000000e+000	
2.88900600e-003	4.99295533e-002	4.99295533e-002	0.00000000e+000	
2.89228152e-003	4.99295342e-002	4.99295342e-002	0.00000000e+000	
2.89555704e-003	4.99295152e-002	4.99295152e-002	0.00000000e+000	
2.89883256e-003	4.99294961e-002	4.99294961e-002	0.00000000e+000	
2.90210807e-003	4.99294771e-002	4.99294771e-002	0.00000000e+000	
2.90538359e-003	4.99294580e-002	4.99294580e-002	0.00000000e+000	
2.90865911e-003	4.99294389e-002	4.99294389e-002	0.00000000e+000	
2.91193462e-003	4.99294199e-002	4.99294199e-002	0.00000000e+000	
2.91521014e-003	4.99294008e-002	4.99294008e-002	0.00000000e+000	
2.91848566e-003	4.99293818e-002	4.99293818e-002	0.00000000e+000	
2.92176117e-003	4.99293627e-002	4.99293627e-002	0.00000000e+000	
2.92503669e-003	4.99293437e-002	4.99293437e-002	0.00000000e+000	
2.92831221e-003	4.99293246e-002	4.99293246e-002	0.00000000e+000	
2.93158773e-003	4.99293055e-002	4.99293055e-002	0.00000000e+000	
2.93486324e-003	4.99292865e-002	4.99292865e-002	0.00000000e+000	
2.93813876e-003	4.99292674e-002	4.99292674e-002	0.00000000e+000	
2.94141428e-003	4.99292484e-002	4.99292484e-002	0.00000000e+000	
2.94468979e-003	4.99292293e-002	4.99292293e-002	0.00000000e+000	
2.94796531e-003	4.99292103e-002	4.99292103e-002	0.00000000e+000	
2.95124083e-003	4.99291912e-002	4.99291912e-002	0.00000000e+000	
2.95451634e-003	4.99291722e-002	4.99291722e-002	0.00000000e+000	
2.95779186e-003	4.99291531e-002	4.99291531e-002	0.00000000e+000	
2.96106738e-003	4.99291340e-002	4.99291340e-002	0.00000000e+000	
2.96434290e-003	4.99291150e-002	4.99291150e-002	0.00000000e+000	
2.96761841e-003	4.99290959e-002	4.99290959e-002	0.00000000e+000	
2.97089393e-003	4.99290769e-002	4.99290769e-002	0.00000000e+000	
2.97416945e-003	4.99290578e-002	4.99290578e-002	0.00000000e+000	
2.97744496e-003	4.99290388e-002	4.99290388e-002	0.00000000e+000	
2.98072048e-003	4.99290197e-002	4.99290197e-002	0.00000000e+000	
2.98399600e-003	4.99290006e-002	4.99290006e-002	0.00000000e+000	
2.98727151e-003	4.99289816e-002	4.99289816e-002	0.00000000e+000	
2.99054703e-003	4.99289625e-002	4.99289625e-002	0.00000000e+000	
2.99382255e-003	4.99289435e-002	4.99289435e-002	0.00000000e+000	
2.99709807e-003	4.99289244e-002	4.99289244e-002	0.00000000e+000	
3.00037358e-003	4.99289054e-002	4.99289054e-002	0.00000000e+000	
3.00364910e-003	4.99288863e-002	4.99288863e-002	0.00000000e+000	
3.00692462e-003	4.99288673e-002	4.99288673e-002	0.00000000e+000	
3.01020013e-003	4.99288482e-002	4.99288482e-002	0.00000000e+000	
3.01347565e-003	4.99288291e-002	4.99288291e-002	0.00000000e+000	
3.01675117e-003	4.99288101e-002	4.99288101e-002	0.00000000e+000	
3.02002668e-003	4.99287910e-002	4.99287910e-002	0.00000000e+000	
3.02330220e-003	4.99287720e-002	4.99287720e-002	0.00000000e+000	
3.02657772e-003	4.99287529e-002	4.99287529e-002	0.00000000e+000	
3.02985324e-003	4.99287339e-002	4.99287339e-002	0.00000000e+000	
3.03312875e-003	4.99287148e-002	4.99287148e-002	0.00000000e+000	
3.03640427e-003	4.99286974e-002	4.99286974e-002	0.00000000e+000	
3.03967979e-003	4.99286818e-002	4.99286818e-002	0.00000000e+000	
3.04295530e-003	4.99286663e-002	4.99286663e-002	0.00000000e+000	
3.04623082e-003	4.99286507e-002	4.99286507e-002	0.00000000e+000	
3.04950634e-003	4.99286351e-002	4.99286351e-002	0.00000000e+000	
3.05278185e-003	4.99286195e-002	4.99286195e-002	0.00000000e+000	
3.05605737e-003	4.99286040e-002	4.99286040e-002	0.00000000e+000	
3.05933289e-003	4.99285884e-002	4.99285884e-002	0.00000000e+000	
3.06260841e-003	4.99285728e-002	4.99285728e-002	0.00000000e+000	
3.06588392e-003	4.99285573e-002	4.99285573e-002	0.00000000e+000	
3.06915944e-003	4.99285417e-002	4.99285417e-002	0.00000000e+000	
3.07243496e-003	4.99285261e-002	4.99285261e-002	0.00000000e+000	
3.07571047e-003	4.99285105e-002	4.99285105e-002	0.00000000e+000	
3.07898599e-003	4.99284950e-002	4.99284950e-002	0.00000000e+000	
3.08226151e-003	4.99284794e-002	4.99284794e-002	0.00000000e+000	
3.08553702e-003	4.99284638e-002	4.99284638e-002	0.00000000e+000	
3.08881254e-003	4.99284482e-002	4.99284482e-002	0.00000000e+000	
3.09208806e-003	4.99284327e-002	4.99284327e-002	0.00000000e+000	
3.09536358e-003	4.99284171e-002	4.99284171e-002	0.00000000e+000	
3.09863909e-003	4.99284015e-002	4.99284015e-002	0.00000000e+000	
3.10191461e-003	4.99283860e-002	4.99283860e-002	0.00000000e+000	
3.10519013e-003	4.99283704e-002	4.99283704e-002	0.00000000e+000	
3.10846564e-003	4.99283548e-002	4.99283548e-002	0.00000000e+000	
3.11174116e-003	4.99283392e-002	4.99283392e-002	0.00000000e+000	
3.11501668e-003	4.99283237e-002	4.99283237e-002	0.00000000e+000	
3.11829219e-003	4.99283081e-002	4.99283081e-002	0.00000000e+000	
3.12156771e-003	4.99282925e-002	4.99282925e-002	0.00000000e+000	
3.12484323e-003	4.99282769e-002	4.99282769e-002	0.00000000e+000	
3.12811875e-003	4.99282614e-002	4.99282614e-002	0.00000000e+000	
3.13139426e-003	4.99282458e-002	4.99282458e-002	0.00000000e+000	
3.13466978e-003	4.99282302e-002	4.99282302e-002	0.00000000e+000	
3.13794530e-003	4.99282147e-002	4.99282147e-002	0.00000000e+000	
3.14122081e-003	4.99281991e-002	4.99281991e-002	0.00000000e+000	
3.14449633e-003	4.99281835e-002	4.99281835e-002	0.00000000e+000	
3.14777185e-003	4.99281679e-002	4.99281679e-002	0.00000000e+000	
3.15104736e-003	4.99281524e-002	4.99281524e-002	0.00000000e+000	
3.15432288e-003	4.99281368e-002	4.99281368e-002	0.00000000e+000	
3.15759840e-003	4.99281212e-002	4.99281212e-002	0.00000000e+000	
3.16087392e-003	4.99281056e-002	4.99281056e-002	0.00000000e+000	
3.16414943e-003	4.99280893e-002	4.99280893e-002	0.00000000e+000	
3.16742495e-003	4.99280725e-002	4.99280725e-002	0.00000000e+000	
3.17070047e-003	4.99280558e-002	4.99280558e-002	0.00000000e+000	
3.17397598e-003	4.99280391e-002	4.99280391e-002	0.00000000e+000	
3.17725150e-003	4.99280224e-002	4.99280224e-002	0.00000000e+000	
3.18052702e-003	4.99280056e-002	4.99280056e-002	0.00000000e+000	
3.18380254e-003	4.99279889e-002	4.99279889e-002	0.00000000e+000	
3.18707805e-003	4.99279722e-002	4.99279722e-002	0.00000000e+000	
3.19035357e-003	4.99279555e-002	4.99279555e-002	0.00000000e+000	
3.19362909e-003	4.99279388e-002	4.99279388e-002	0.00000000e+000	
3.19690460e-003	4.99279220e-002	4.99279220e-002	0.00000000e+000	
3.20018012e-003	4.99279053e-002	4.99279053e-002	0.00000000e+000	
3.20345564e-003	4.99278886e-002	4.99278886e-002	0.00000000e+000	
3.20673115e-003	4.99278719e-002	4.99278719e-002	0.00000000e+000	
3.21000667e-003	4.99278551e-002	4.99278551e-002	0.00000000e+000	
3.21328219e-003	4.99278384e-002	4.99278384e-002	0.00000000e+000	
3.21655771e-003	4.99278217e-002	4.99278217e-002	0.00000000e+000	
3.21983322e-003	4.99278050e-002	4.99278050e-002	0.00000000e+000	
3.22310874e-003	4.99277882e-002	4.99277882e-002	0.00000000e+000	
3.22638426e-003	4.99277715e-002	4.99277715e-002	0.00000000e+000	
3.22965977e-003	4.99277548e-002	4.99277548e-002	0.00000000e+000	
3.23293529e-003	4.99277381e-002	4.99277381e-002	0.00000000e+000	
3.23621081e-003	4.99277214e-002	4.99277214e-002	0.00000000e+000	
3.23948632e-003	4.99277046e-002	4.99277046e-002	0.00000000e+000	
3.24276184e-003	4.99276879e-002	4.99276879e-002	0.00000000e+000	
3.24603736e-003	4.99276712e-002	4.99276712e-002	0.00000000e+000	
3.24931288e-003	4.99276545e-002	4.99276545e-002	0.00000000e+000	
3.25258839e-003	4.99276377e-002	4.99276377e-002	0.00000000e+000	
3.25586391e-003	4.99276210e-002	4.99276210e-002	0.00000000e+000	
3.25913943e-003	4.99276043e-002	4.99276043e-002	0.00000000e+000	
3.26241494e-003	4.99275876e-002	4.99275876e-002	0.00000000e+000	
3.26569046e-003	4.99275709e-002	4.99275709e-002	0.00000000e+000	
3.26896598e-003	4.99275541e-002	4.99275541e-002	0.00000000e+000	
3.27224149e-003	4.99275374e-002	4.99275374e-002	0.00000000e+000	
3.27551701e-003	4.99275207e-002	4.99275207e-002	0.00000000e+000	
3.27879253e-003	4.99275040e-002	4.99275040e-002	0.00000000e+000	
3.28206805e-003	4.99274872e-002	4.99274872e-002	0.00000000e+000	
3.28534356e-003	4.99274705e-002	4.99274705e-002	0.00000000e+000	
3.28861908e-003	4.99274538e-002	4.99274538e-002	0.00000000e+000	
3.29189460e-003	4.99274371e-002	4.99274371e-002	0.00000000e+000	
3.29517011e-003	4.99274204e-002	4.99274204e-002	0.00000000e+000	
3.29844563e-003	4.99274036e-002	4.99274036e-002	0.00000000e+000	
3.30172115e-003	4.99273869e-002	4.99273869e-002	0.00000000e+000	
3.30499666e-003	4.99273702e-002	4.99273702e-002	0.00000000e+000	
3.30827218e-003	4.99273535e-002	4.99273535e-002	0.00000000e+000	
3.31154770e-003	4.99273367e-002	4.99273367e-002	0.00000000e+000	
3.31482322e-003	4.99273200e-002	4.99273200e-002	0.00000000e+000	
3.31809873e-003	4.99273033e-002	4.99273033e-002	0.00000000e+000	
3.32137425e-003	4.99272866e-002	4.99272866e-002	0.00000000e+000	
3.32464977e-003	4.99272699e-002	4.99272699e-002	0.00000000e+000	
3.32792528e-003	4.99272531e-002	4.99272531e-002	0.00000000e+000	
3.33120080e-003	4.99272364e-002	4.99272364e-002	0.00000000e+000	
3.33447632e-003	4.99272197e-002	4.99272197e-002	0.00000000e+000	
3.33775183e-003	4.99272030e-002	4.99272030e-002	0.00000000e+000	
3.34102735e-003	4.99271862e-002	4.99271862e-002	0.00000000e+000	
3.34430287e-003	4.99271695e-002	4.99271695e-002	0.00000000e+000	
3.34757839e-003	4.99271528e-002	4.99271528e-002	0.00000000e+000	
3.35085390e-003	4.99271361e-002	4.99271361e-002	0.00000000e+000	
3.35412942e-003	4.99271194e-002	4.99271194e-002	0.00000000e+000	
3.35740494e-003	4.99271026e-002	4.99271026e-002	0.00000000e+000	
3.36068045e-003	4.99270859e-002	4.99270859e-002	0.00000000e+000	
3.36395597e-003	4.99270692e-002	4.99270692e-002	0.00000000e+000	
3.36723149e-003	4.99270525e-002	4.99270525e-002	0.00000000e+000	
3.37050700e-003	4.99270357e-002	4.99270357e-002	0.00000000e+000	
3.37378252e-003	4.99270190e-002	4.99270190e-002	0.00000000e+000	
3.37705804e-003	4.99270023e-002	4.99270023e-002	0.00000000e+000	
3.38033356e-003	4.99269856e-002	4.99269856e-002	0.00000000e+000	
3.38360907e-003	4.99269688e-002	4.99269688e-002	0.00000000e+000	
3.38688459e-003	4.99269521e-002	4.99269521e-002	0.00000000e+000	
3.39016011e-003	4.99269354e-002	4.99269354e-002	0.00000000e+000	
3.39343562e-003	4.99269187e-002	4.99269187e-002	0.00000000e+000	
3.39671114e-003	4.99269020e-002	4.99269020e-002	0.00000000e+000	
3.39998666e-003	4.99268852e-002	4.99268852e-002	0.00000000e+000	
3.40326217e-003	4.99268685e-002	4.99268685e-002	0.00000000e+000	
3.40653769e-003	4.99268518e-002	4.99268518e-002	0.00000000e+000	
3.40981321e-003	4.99268351e-002	4.99268351e-002	0.00000000e+000	
3.41308873e-003	4.99268183e-002	4.99268183e-002	0.00000000e+000	
3.41636424e-003	4.99268016e-002	4.99268016e-002	0.00000000e+000	
3.41963976e-003	4.99267849e-002	4.99267849e-002	0.00000000e+000	
3.42291528e-003	4.99267682e-002	4.99267682e-002	0.00000000e+000	
3.42619079e-003	4.99267515e-002	4.99267515e-002	0.00000000e+000	
3.42946631e-003	4.99267347e-002	4.99267347e-002	0.00000000e+000	
3.43274183e-003	4.99267180e-002	4.99267180e-002	0.00000000e+000	
3.43601734e-003	4.99267013e-002	4.99267013e-002	0.00000000e+000	
3.43929286e-003	4.99266846e-002	4.99266846e-002	0.00000000e+000	
3.44256838e-003	4.99266678e-002	4.99266678e-002	0.00000000e+000	
3.44584390e-003	4.99266511e-002	4.99266511e-002	0.00000000e+000	
3.44911941e-003	4.99266344e-002	4.99266344e-002	0.00000000e+000	
3.45239493e-003	4.99266177e-002	4.99266177e-002	0.00000000e+000	
3.45567045e-003	4.99266010e-002	4.99266010e-002	0.00000000e+000	
3.45894596e-003	4.99265842e-002	4.99265842e-002	0.00000000e+000	
3.46222148e-003	4.99265675e-002	4.99265675e-002	0.00000000e+000	
3.46549700e-003	4.99265508e-002	4.99265508e-002	0.00000000e+000	
3.46877252e-003	4.99265341e-002	4.99265341e-002	0.00000000e+000	
3.47204803e-003	4.99265173e-002	4.99265173e-002	0.00000000e+000	
3.47532355e-003	4.99265006e-002	4.99265006e-002	0.00000000e+000	
3.47859907e-003	4.99264839e-002	4.99264839e-002	0.00000000e+000	
3.48187458e-003	4.99264672e-002	4.99264672e-002	0.00000000e+000	
3.48515010e-003	4.99264505e-002	4.99264505e-002	0.00000000e+000	
3.48842562e-003	4.99264337e-002	4.99264337e-002	0.00000000e+000	
3.49170113e-003	4.99264170e-002	4.99264170e-002	0.00000000e+000	
3.49497665e-003	4.99264003e-002	4.99264003e-002	0.00000000e+000	
3.49825217e-003	4.99263836e-002	4.99263836e-002	0.00000000e+000	
3.50152769e-003	4.99263668e-002	4.99263668e-002	0.00000000e+000	
3.50480320e-003	4.99263501e-002	4.99263501e-002	0.00000000e+000	
3.50807872e-003	4.99263334e-002	4.99263334e-002	0.00000000e+000	
3.51135424e-003	4.99263167e-002	4.99263167e-002	0.00000000e+000	
3.51462975e-003	4.99263000e-002	4.99263000e-002	0.00000000e+000	
3.51790527e-003	4.99262832e-002	4.99262832e-002	0.00000000e+000	
3.52118079e-003	4.99262665e-002	4.99262665e-002	0.00000000e+000	
3.52445630e-003	4.99262498e-002	4.99262498e-002	0.00000000e+000	
3.52773182e-003	4.99262331e-002	4.99262331e-002	0.00000000e+000	
3.53100734e-003	4.99262163e-002	4.99262163e-002	0.00000000e+000	
3.53428286e-003	4.99261996e-002	4.99261996e-002	0.00000000e+000	
3.53755837e-003	4.99261829e-002	4.99261829e-002	0.00000000e+000	
3.54083389e-003	4.99261662e-002	4.99261662e-002	0.00000000e+000	
3.54410941e-003	4.99261494e-002	4.99261494e-002	0.00000000e+000	
3.54738492e-003	4.99261327e-002	4.99261327e-002	0.00000000e+000	
3.55066044e-003	4.99261160e-002	4.99261160e-002	0.00000000e+000	
3.55393596e-003	4.99260993e-002	4.99260993e-002	0.00000000e+000	
3.55721147e-003	4.99260826e-002	4.99260826e-002	0.00000000e+000	
3.56048699e-003	4.99260658e-002	4.99260658e-002	0.00000000e+000	
3.56376251e-003	4.99260491e-002	4.99260491e-002	0.00000000e+000	
3.56703803e-003	4.99260324e-002	4.99260324e-002	0.00000000e+000	
3.57031354e-003	4.99260157e-002	4.99260157e-002	0.00000000e+000	
3.57358906e-003	4.99259989e-002	4.99259989e-002	0.00000000e+000	
3.57686458e-003	4.99259822e-002	4.99259822e-002	0.00000000e+000	
3.58014009e-003	4.99259655e-002	4.99259655e-002	0.00000000e+000	
3.58341561e-003	4.99259488e-002	4.99259488e-002	0.00000000e+000	
3.58669113e-003	4.99259321e-002	4.99259321e-002	0.00000000e+000	
3.58996664e-003	4.99259153e-002	4.99259153e-002	0.00000000e+000	
3.59324216e-003	4.99258986e-002	4.99258986e-002	0.00000000e+000	
3.59651768e-003	4.99258819e-002	4.99258819e-002	0.00000000e+000	
3.59979320e-003	4.99258652e-002	4.99258652e-002	0.00000000e+000	
3.60306871e-003	4.99258484e-002	4.99258484e-002	0.00000000e+000	
3.60634423e-003	4.99258317e-002	4.99258317e-002	0.00000000e+000	
3.60961975e-003	4.99258150e-002	4.99258150e-002	0.00000000e+000	
3.61289526e-003	4.99257983e-002	4.99257983e-002	0.00000000e+000	
3.61617078e-003	4.99257816e-002	4.99257816e-002	0.00000000e+000	
3.61944630e-003	4.99257648e-002	4.99257648e-002	0.00000000e+000	
3.62272181e-003	4.99257481e-002	4.99257481e-002	0.00000000e+000	
3.62599733e-003	4.99257314e-002	4.99257314e-002	0.00000000e+000	
3.62927285e-003	4.99257147e-002	4.99257147e-002	0.00000000e+000	
3.63254837e-003	4.99256979e-002	4.99256979e-002	0.00000000e+000	
3.63582388e-003	4.99256812e-002	4.99256812e-002	0.00000000e+000	
3.63909940e-003	4.99256645e-002	4.99256645e-002	0.00000000e+000	
3.64237492e-003	4.99256478e-002	4.99256478e-002	0.00000000e+000	
3.64565043e-003	4.99256311e-002	4.99256311e-002	0.00000000e+000	
3.64892595e-003	4.99256143e-002	4.99256143e-002	0.00000000e+000	
3.65220147e-003	4.99255976e-002	4.99255976e-002	0.00000000e+000	
3.65547698e-003	4.99255809e-002	4.99255809e-002	0.00000000e+000	
3.65875250e-003	4.99255642e-002	4.99255642e-002	0.00000000e+000	
3.66202802e-003	4.99255474e-002	4.99255474e-002	0.00000000e+000	
3.66530354e-003	4.99255307e-002	4.99255307e-002	0.00000000e+000	
3.66857905e-003	4.99255135e-002	4.99255135e-002	0.00000000e+000	
3.67185457e-003	4.99254957e-002	4.99254957e-002	0.00000000e+000	
3.67513009e-003	4.99254779e-002	4.99254779e-002	0.00000000e+000	
3.67840560e-003	4.99254600e-002	4.99254600e-002	0.00000000e+000	
3.68168112e-003	4.99254422e-002	4.99254422e-002	0.00000000e+000	
3.68495664e-003	4.99254243e-002	4.99254243e-002	0.00000000e+000	
3.68823215e-003	4.99254065e-002	4.99254065e-002	0.00000000e+000	
3.69150767e-003	4.99253886e-002	4.99253886e-002	0.00000000e+000	
3.69478319e-003	4.99253708e-002	4.99253708e-002	0.00000000e+000	
3.69805871e-003	4.99253529e-002	4.99253529e-002	0.00000000e+000	
3.70133422e-003	4.99253351e-002	4.99253351e-002	0.00000000e+000	
3.70460974e-003	4.99253172e-002	4.99253172e-002	0.00000000e+000	
3.70788526e-003	4.99252994e-002	4.99252994e-002	0.00000000e+000	
3.71116077e-003	4.99252815e-002	4.99252815e-002	0.00000000e+000	
3.71443629e-003	4.99252637e-002	4.99252637e-002	0.00000000e+000	
3.71771181e-003	4.99252458e-002	4.99252458e-002	0.00000000e+000	
3.72098732e-003	4.99252280e-002	4.99252280e-002	0.00000000e+000	
3.72426284e-003	4.99252102e-002	4.99252102e-002	0.00000000e+000	
3.72753836e-003	4.99251923e-002	4.99251923e-002	0.00000000e+000	
3.73081388e-003	4.99251745e-002	4.99251745e-002	0.00000000e+000	
3.73408939e-003	4.99251566e-002	4.99251566e-002	0.00000000e+000	
3.73736491e-003	4.99251388e-002	4.99251388e-002	0.00000000e+000	
3.74064043e-003	4.99251209e-002	4.99251209e-002	0.00000000e+000	
3.74391594e-003	4.99251031e-002	4.99251031e-002	0.00000000e+000	
3.74719146e-003	4.99250852e-002	4.99250852e-002	0.00000000e+000	
3.75046698e-003	4.99250674e-002	4.99250674e-002	0.00000000e+000	
3.75374249e-003	4.99250495e-002	4.99250495e-002	0.00000000e+000	
3.75701801e-003	4.99250317e-002	4.99250317e-002	0.00000000e+000	
3.76029353e-003	4.99250138e-002	4.99250138e-002	0.00000000e+000	
3.76356905e-003	4.99249960e-002	4.99249960e-002	0.00000000e+000	
3.76684456e-003	4.99249782e-002	4.99249782e-002	0.00000000e+000	
3.77012008e-003	4.99249603e-002	4.99249603e-002	0.00000000e+000	
3.77339560e-003	4.99249328e-002	4.99249328e-002	0.00000000e+000	
3.77667111e-003	4.99249017e-002	4.99249017e-002	0.00000000e+000	
3.77994663e-003	4.99248706e-002	4.99248706e-002	0.00000000e+000	
3.78322215e-003	4.99248395e-002	4.99248395e-002	0.00000000e+000	
3.78649767e-003	4.99248084e-002	4.99248084e-002	0.00000000e+000	
3.78977318e-003	4.99247773e-002	4.99247773e-002	0.00000000e+000	
3.79304870e-003	4.99247462e-002	4.99247462e-002	0.00000000e+000	
3.79632422e-003	4.99247151e-002	4.99247151e-002	0.00000000e+000	
3.79959973e-003	4.99246840e-002	4.99246840e-002	0.00000000e+000	
3.80287525e-003	4.99246529e-002	4.99246529e-002	0.00000000e+000	
3.80615077e-003	4.99246218e-002	4.99246218e-002	0.00000000e+000	
3.80942628e-003	4.99245907e-002	4.99245907e-002	0.00000000e+000	
3.81270180e-003	4.99245596e-002	4.99245596e-002	0.00000000e+000	
3.81597732e-003	4.99245285e-002	4.99245285e-002	0.00000000e+000	
3.81925284e-003	4.99244974e-002	4.99244974e-002	0.00000000e+000	
3.82252835e-003	4.99244663e-002	4.99244663e-002	0.00000000e+000	
3.82580387e-003	4.99244352e-002	4.99244352e-002	0.00000000e+000	
3.82907939e-003	4.99244041e-002	4.99244041e-002	0.00000000e+000	
3.83235490e-003	4.99243730e-002	4.99243730e-002	0.00000000e+000	
3.83563042e-003	4.99243419e-002	4.99243419e-002	0.00000000e+000	
3.83890594e-003	4.99243108e-002	4.99243108e-002	0.00000000e+000	
3.84218145e-003	4.99242797e-002	4.99242797e-002	0.00000000e+000	
3.84545697e-003	4.99242486e-002	4.99242486e-002	0.00000000e+000	
3.84873249e-003	4.99242175e-002	4.99242175e-002	0.00000000e+000	
3.85200801e-003	4.99241864e-002	4.99241864e-002	0.00000000e+000	
3.85528352e-003	4.99241553e-002	4.99241553e-002	0.00000000e+000	
3.85855904e-003	4.99241242e-002	4.99241242e-002	0.00000000e+000	
3.86183456e-003	4.99240931e-002	4.99240931e-002	0.00000000e+000	
3.86511007e-003	4.99240620e-002	4.99240620e-002	0.00000000e+000	
3.86838559e-003	4.99240309e-002	4.99240309e-002	0.00000000e+000	
3.87166111e-003	4.99239998e-002	4.99239998e-002	0.00000000e+000	
3.87493662e-003	4.99239687e-002	4.99239687e-002	0.00000000e+000	
3.87821214e-003	4.99239376e-002	4.99239376e-002	0.00000000e+000	
3.88148766e-003	4.99239065e-002	4.99239065e-002	0.00000000e+000	
3.88476318e-003	4.99238754e-002	4.99238754e-002	0.00000000e+000	
3.88803869e-003	4.99238443e-002	4.99238443e-002	0.00000000e+000	
3.89131421e-003	4.99238132e-002	4.99238132e-002	0.00000000e+000	
3.89458973e-003	4.99237821e-002	4.99237821e-002	0.00000000e+000	
3.89786524e-003	4.99237510e-002	4.99237510e-002	0.00000000e+000	
3.90114076e-003	4.99237199e-002	4.99237199e-002	0.00000000e+000	
3.90441628e-003	4.99236888e-002	4.99236888e-002	0.00000000e+000	
3.90769179e-003	4.99236577e-002	4.99236577e-002	0.00000000e+000	
3.91096731e-003	4.99236266e-002	4.99236266e-002	0.00000000e+000	
3.91424283e-003	4.99235956e-002	4.99235956e-002	0.00000000e+000	
3.91751835e-003	4.99235645e-002	4.99235645e-002	0.00000000e+000	
3.92079386e-003	4.99235334e-002	4.99235334e-002	0.00000000e+000	
3.92406938e-003	4.99235023e-002	4.99235023e-002	0.00000000e+000	
3.92734490e-003	4.99234712e-002	4.99234712e-002	0.00000000e+000	
3.93062041e-003	4.99234401e-002	4.99234401e-002	0.00000000e+000	
3.93389593e-003	4.99234090e-002	4.99234090e-002	0.00000000e+000	
3.93717145e-003	4.99233779e-002	4.99233779e-002	0.00000000e+000	
3.94044696e-003	4.99233468e-002	4.99233468e-002	0.00000000e+000	
3.94372248e-003	4.99233157e-002	4.99233157e-002	0.00000000e+000	
3.94699800e-003	4.99232846e-002	4.99232846e-002	0.00000000e+000	
3.95027352e-003	4.99232535e-002	4.99232535e-002	0.00000000e+000	
3.95354903e-003	4.99232224e-002	4.99232224e-002	0.00000000e+000	
3.95682455e-003	4.99231913e-002	4.99231913e-002	0.00000000e+000	
3.96010007e-003	4.99231602e-002	4.99231602e-002	0.00000000e+000	
3.96337558e-003	4.99231291e-002	4.99231291e-002	0.00000000e+000	
3.96665110e-003	4.99230980e-002	4.99230980e-002	0.00000000e+000	
3.96992662e-003	4.99230669e-002	4.99230669e-002	0.00000000e+000	
3.97320213e-003	4.99230358e-002	4.99230358e-002	0.00000000e+000	
3.97647765e-003	4.99230047e-002	4.99230047e-002	0.00000000e+000	
3.97975317e-003	4.99229736e-002	4.99229736e-002	0.00000000e+000	
3.98302869e-003	4.99229425e-002	4.99229425e-002	0.00000000e+000	
3.98630420e-003	4.99229114e-002	4.99229114e-002	0.00000000e+000	
3.98957972e-003	4.99228803e-002	4.99228803e-002	0.00000000e+000	
3.99285524e-003	4.99228492e-002	4.99228492e-002	0.00000000e+000	
3.99613075e-003	4.99228181e-002	4.99228181e-002	0.00000000e+000	
3.99940627e-003	4.99227870e-002	4.99227870e-002	0.00000000e+000	
4.00268179e-003	4.99227559e-002	4.99227559e-002	0.00000000e+000	
4.00595730e-003	4.99227248e-002	4.99227248e-002	0.00000000e+000	
4.00923282e-003	4.99226937e-002	4.99226937e-002	0.00000000e+000	
4.01250834e-003	4.99226626e-002	4.99226626e-002	0.00000000e+000	
4.01578386e-003	4.99226315e-002	4.99226315e-002	0.00000000e+000	
4.01905937e-003	4.99226004e-002	4.99226004e-002	0.00000000e+000	
4.02233489e-003	4.99225693e-002	4.99225693e-002	0.00000000e+000	
4.02561041e-003	4.99225382e-002	4.99225382e-002	0.00000000e+000	
4.02888592e-003	4.99225071e-002	4.99225071e-002	0.00000000e+000	
4.03216144e-003	4.99224760e-002	4.99224760e-002	0.00000000e+000	
4.03543696e-003	4.99224449e-002	4.99224449e-002	0.00000000e+000	
4.03871247e-003	4.99224138e-002	4.99224138e-002	0.00000000e+000	
4.04198799e-003	4.99223827e-002	4.99223827e-002	0.00000000e+000	
4.04526351e-003	4.99223516e-002	4.99223516e-002	0.00000000e+000	
4.04853903e-003	4.99223205e-002	4.99223205e-002	0.00000000e+000	
4.05181454e-003	4.99222894e-002	4.99222894e-002	0.00000000e+000	
4.05509006e-003	4.99222583e-002	4.99222583e-002	0.00000000e+000	
4.05836558e-003	4.99222272e-002	4.99222272e-002	0.00000000e+000	
4.06164109e-003	4.99221961e-002	4.99221961e-002	0.00000000e+000	
4.06491661e-003	4.99221650e-002	4.99221650e-002	0.00000000e+000	
4.06819213e-003	4.99221339e-002	4.99221339e-002	0.00000000e+000	
4.07146765e-003	4.99221028e-002	4.99221028e-002	0.00000000e+000	
4.07474316e-003	4.99220717e-002	4.99220717e-002	0.00000000e+000	
4.07801868e-003	4.99220406e-002	4.99220406e-002	0.00000000e+000	
4.08129420e-003	4.99220095e-002	4.99220095e-002	0.00000000e+000	
4.08456971e-003	4.99219784e-002	4.99219784e-002	0.00000000e+000	
4.08784523e-003	4.99219473e-002	4.99219473e-002	0.00000000e+000	
4.09112075e-003	4.99219162e-002	4.99219162e-002	0.00000000e+000	
4.09439626e-003	4.99218851e-002	4.99218851e-002	0.00000000e+000	
4.09767178e-003	4.99218540e-002	4.99218540e-002	0.00000000e+000	
4.10094730e-003	4.99218229e-002	4.99218229e-002	0.00000000e+000	
4.10422282e-003	4.99217918e-002	4.99217918e-002	0.00000000e+000	
4.10749833e-003	4.99217607e-002	4.99217607e-002	0.00000000e+000	
4.11077385e-003	4.99217296e-002	4.99217296e-002	0.00000000e+000	
4.11404937e-003	4.99216985e-002	4.99216985e-002	0.00000000e+000	
4.11732488e-003	4.99216674e-002	4.99216674e-002	0.00000000e+000	
4.12060040e-003	4.99216363e-002	4.99216363e-002	0.00000000e+000	
4.12387592e-003	4.99216052e-002	4.99216052e-002	0.00000000e+000	
4.12715143e-003	4.99215741e-002	4.99215741e-002	0.00000000e+000	
4.13042695e-003	4.99215430e-002	4.99215430e-002	0.00000000e+000	
4.13370247e-003	4.99215119e-002	4.99215119e-002	0.00000000e+000	
4.13697799e-003	4.99214808e-002	4.99214808e-002	0.00000000e+000	
4.14025350e-003	4.99214497e-002	4.99214497e-002	0.00000000e+000	
4.14352902e-003	4.99214186e-002	4.99214186e-002	0.00000000e+000	
4.14680454e-003	4.99213875e-002	4.99213875e-002	0.00000000e+000	
4.15008005e-003	4.99213564e-002	4.99213564e-002	0.00000000e+000	
4.15335557e-003	4.99213253e-002	4.99213253e-002	0.00000000e+000	
4.15663109e-003	4.99212942e-002	4.99212942e-002	0.00000000e+000	
4.15990660e-003	4.99212631e-002	4.99212631e-002	0.00000000e+000	
4.16318212e-003	4.99212320e-002	4.99212320e-002	0.00000000e+000	
4.16645764e-003	4.99212009e-002	4.99212009e-002	0.00000000e+000	
4.16973316e-003	4.99211698e-002	4.99211698e-002	0.00000000e+000	
4.17300867e-003	4.99211387e-002	4.99211387e-002	0.00000000e+000	
4.17628419e-003	4.99211076e-002	4.99211076e-002	0.00000000e+000	
4.17955971e-003	4.99210765e-002	4.99210765e-002	0.00000000e+000	
4.18283522e-003	4.99210454e-002	4.99210454e-002	0.00000000e+000	
4.18611074e-003	4.99210143e-002	4.99210143e-002	0.00000000e+000	
4.18938626e-003	4.99209832e-002	4.99209832e-002	0.00000000e+000	
4.19266177e-003	4.99209521e-002	4.99209521e-002	0.00000000e+000	
4.19593729e-003	4.99209210e-002	4.99209210e-002	0.00000000e+000	
4.19921281e-003	4.99208900e-002	4.99208900e-002	0.00000000e+000	
4.20248833e-003	4.99208589e-002	4.99208589e-002	0.00000000e+000	
4.20576384e-003	4.99208278e-002	4.99208278e-002	0.00000000e+000	
4.20903936e-003	4.99207967e-002	4.99207967e-002	0.00000000e+000	
4.21231488e-003	4.99207656e-002	4.99207656e-002	0.00000000e+000	
4.21559039e-003	4.99207345e-002	4.99207345e-002	0.00000000e+000	
4.21886591e-003	4.99207034e-002	4.99207034e-002	0.00000000e+000	
4.22214143e-003	4.99206723e-002	4.99206723e-002	0.00000000e+000	
4.22541694e-003	4.99206412e-002	4.99206412e-002	0.00000000e+000	
4.22869246e-003	4.99206101e-002	4.99206101e-002	0.00000000e+000	
4.23196798e-003	4.99205790e-002	4.99205790e-002	0.00000000e+000	
4.23524350e-003	4.99205479e-002	4.99205479e-002	0.00000000e+000	
4.23851901e-003	4.99205168e-002	4.99205168e-002	0.00000000e+000	
4.24179453e-003	4.99204857e-002	4.99204857e-002	0.00000000e+000	
4.24507005e-003	4.99204546e-002	4.99204546e-002	0.00000000e+000	
4.24834556e-003	4.99204235e-002	4.99204235e-002	0.00000000e+000	
4.25162108e-003	4.99203972e-002	4.99203972e-002	0.00000000e+000	
4.25489660e-003	4.99203955e-002	4.99203955e-002	0.00000000e+000	
4.25817211e-003	4.99203938e-002	4.99203938e-002	0.00000000e+000	
4.26144763e-003	4.99203922e-002	4.99203922e-002	0.00000000e+000	
4.26472315e-003	4.99203905e-002	4.99203905e-002	0.00000000e+000	
4.26799867e-003	4.99203889e-002	4.99203889e-002	0.00000000e+000	
4.27127418e-003	4.99203872e-002	4.99203872e-002	0.00000000e+000	
4.27454970e-003	4.99203855e-002	4.99203855e-002	0.00000000e+000	
4.27782522e-003	4.99203839e-002	4.99203839e-002	0.00000000e+000	
4.28110073e-003	4.99203822e-002	4.99203822e-002	0.00000000e+000	
4.28437625e-003	4.99203806e-002	4.99203806e-002	0.00000000e+000	
4.28765177e-003	4.99203789e-002	4.99203789e-002	0.00000000e+000	
4.29092728e-003	4.99203772e-002	4.99203772e-002	0.00000000e+000	
4.29420280e-003	4.99203756e-002	4.99203756e-002	0.00000000e+000	
4.29747832e-003	4.99203739e-002	4.99203739e-002	0.00000000e+000	
4.30075384e-003	4.99203723e-002	4.99203723e-002	0.00000000e+000	
4.30402935e-003	4.99203706e-002	4.99203706e-002	0.00000000e+000	
4.30730487e-003	4.99203689e-002	4.99203689e-002	0.00000000e+000	
4.31058039e-003	4.99203673e-002	4.99203673e-002	0.00000000e+000	
4.31385590e-003	4.99203656e-002	4.99203656e-002	0.00000000e+000	
4.31713142e-003	4.99203640e-002	4.99203640e-002	0.00000000e+000	
4.32040694e-003	4.99203623e-002	4.99203623e-002	0.00000000e+000	
4.32368245e-003	4.99203606e-002	4.99203606e-002	0.00000000e+000	
4.32695797e-003	4.99203590e-002	4.99203590e-002	0.00000000e+000	
4.33023349e-003	4.99203573e-002	4.99203573e-002	0.00000000e+000	
4.33350901e-003	4.99203557e-002	4.99203557e-002	0.00000000e+000	
4.33678452e-003	4.99203540e-002	4.99203540e-002	0.00000000e+000	
4.34006004e-003	4.99203523e-002	4.99203523e-002	0.00000000e+000	
4.34333556e-003	4.99203507e-002	4.99203507e-002	0.00000000e+000	
4.34661107e-003	4.99203490e-002	4.99203490e-002	0.00000000e+000	
4.34988659e-003	4.99203474e-002	4.99203474e-002	0.00000000e+000	
4.35316211e-003	4.99203457e-002	4.99203457e-002	0.00000000e+000	
4.35643763e-003	4.99203440e-002	4.99203440e-002	0.00000000e+000	
4.35971314e-003	4.99203549e-002	4.99203549e-002	0.00000000e+000	
4.36298866e-003	4.99203682e-002	4.99203682e-002	0.00000000e+000	
4.36626418e-003	4.99203815e-002	4.99203815e-002	0.00000000e+000	
4.36953969e-003	4.99203948e-002	4.99203948e-002	0.00000000e+000	
4.37281521e-003	4.99204081e-002	4.99204081e-002	0.00000000e+000	
4.37609073e-003	4.99204214e-002	4.99204214e-002	0.00000000e+000	
4.37936624e-003	4.99204347e-002	4.99204347e-002	0.00000000e+000	
4.38264176e-003	4.99204479e-002	4.99204479e-002	0.00000000e+000	
4.38591728e-003	4.99204612e-002	4.99204612e-002	0.00000000e+000	
4.38919280e-003	4.99204745e-002	4.99204745e-002	0.00000000e+000	
4.39246831e-003	4.99204878e-002	4.99204878e-002	0.00000000e+000	
4.39574383e-003	4.99205011e-002	4.99205011e-002	0.00000000e+000	
4.39901935e-003	4.99205144e-002	4.99205144e-002	0.00000000e+000	
4.40229486e-003	4.99205277e-002	4.99205277e-002	0.00000000e+000	
4.40557038e-003	4.99205410e-002	4.99205410e-002	0.00000000e+000	
4.40884590e-003	4.99205543e-002	4.99205543e-002	0.00000000e+000	
4.41212141e-003	4.99205676e-002	4.99205676e-002	0.00000000e+000	
4.41539693e-003	4.99205809e-002	4.99205809e-002	0.00000000e+000	
4.41867245e-003	4.99205942e-002	4.99205942e-002	0.00000000e+000	
4.42194797e-003	4.99206074e-002	4.99206074e-002	0.00000000e+000	
4.42522348e-003	4.99206207e-002	4.99206207e-002	0.00000000e+000	
4.42849900e-003	4.99206340e-002	4.99206340e-002	0.00000000e+000	
4.43177452e-003	4.99206473e-002	4.99206473e-002	0.00000000e+000	
4.43505003e-003	4.99206606e-002	4.99206606e-002	0.00000000e+000	
4.43832555e-003	4.99206739e-002	4.99206739e-002	0.00000000e+000	
4.44160107e-003	4.99206872e-002	4.99206872e-002	0.00000000e+000	
4.44487658e-003	4.99207005e-002	4.99207005e-002	0.00000000e+000	
4.44815210e-003	4.99207138e-002	4.99207138e-002	0.00000000e+000	
4.45142762e-003	4.99207271e-002	4.99207271e-002	0.00000000e+000	
4.45470314e-003	4.99207404e-002	4.99207404e-002	0.00000000e+000	
4.45797865e-003	4.99207537e-002	4.99207537e-002	0.00000000e+000	
4.46125417e-003	4.99207669e-002	4.99207669e-002	0.00000000e+000	
4.46452969e-003	4.99207802e-002	4.99207802e-002	0.00000000e+000	
4.46780520e-003	4.99207935e-002	4.99207935e-002	0.00000000e+000	
4.47108072e-003	4.99208068e-002	4.99208068e-002	0.00000000e+000	
4.47435624e-003	4.99208201e-002	4.99208201e-002	0.00000000e+000	
4.47763175e-003	4.99208334e-002	4.99208334e-002	0.00000000e+000	
4.48090727e-003	4.99208467e-002	4.99208467e-002	0.00000000e+000	
4.48418279e-003	4.99208600e-002	4.99208600e-002	0.00000000e+000	
4.48745831e-003	4.99208733e-002	4.99208733e-002	0.00000000e+000	
4.49073382e-003	4.99208866e-002	4.99208866e-002	0.00000000e+000	
4.49400934e-003	4.99208999e-002	4.99208999e-002	0.00000000e+000	
4.49728486e-003	4.99209132e-002	4.99209132e-002	0.00000000e+000	
4.50056037e-003	4.99209264e-002	4.99209264e-002	0.00000000e+000	
4.50383589e-003	4.99209397e-002	4.99209397e-002	0.00000000e+000	
4.50711141e-003	4.99209530e-002	4.99209530e-002	0.00000000e+000	
4.51038692e-003	4.99209663e-002	4.99209663e-002	0.00000000e+000	
4.51366244e-003	4.99209796e-002	4.99209796e-002	0.00000000e+000	
4.51693796e-003	4.99209929e-002	4.99209929e-002	0.00000000e+000	
4.52021348e-003	4.99210062e-002	4.99210062e-002	0.00000000e+000	
4.52348899e-003	4.99210195e-002	4.99210195e-002	0.00000000e+000	
4.52676451e-003	4.99210328e-002	4.99210328e-002	0.00000000e+000	
4.53004003e-003	4.99210461e-002	4.99210461e-002	0.00000000e+000	
4.53331554e-003	4.99210594e-002	4.99210594e-002	0.00000000e+000	
4.53659106e-003	4.99210716e-002	4.99210716e-002	0.00000000e+000	
4.53986658e-003	4.99210773e-002	4.99210773e-002	0.00000000e+000	
4.54314209e-003	4.99210829e-002	4.99210829e-002	0.00000000e+000	
4.54641761e-003	4.99210886e-002	4.99210886e-002	0.00000000e+000	
4.54969313e-003	4.99210942e-002	4.99210942e-002	0.00000000e+000	
4.55296865e-003	4.99210999e-002	4.99210999e-002	0.00000000e+000	
4.55624416e-003	4.99211055e-002	4.99211055e-002	0.00000000e+000	
4.55951968e-003	4.99211112e-002	4.99211112e-002	0.00000000e+000	
4.56279520e-003	4.99211168e-002	4.99211168e-002	0.00000000e+000	
4.56607071e-003	4.99211225e-002	4.99211225e-002	0.00000000e+000	
4.56934623e-003	4.99211281e-002	4.99211281e-002	0.00000000e+000	
4.57262175e-003	4.99211338e-002	4.99211338e-002	0.00000000e+000	
4.57589726e-003	4.99211394e-002	4.99211394e-002	0.00000000e+000	
4.57917278e-003	4.99211451e-002	4.99211451e-002	0.00000000e+000	
4.58244830e-003	4.99211507e-002	4.99211507e-002	0.00000000e+000	
4.58572382e-003	4.99211564e-002	4.99211564e-002	0.00000000e+000	
4.58899933e-003	4.99211620e-002	4.99211620e-002	0.00000000e+000	
4.59227485e-003	4.99211677e-002	4.99211677e-002	0.00000000e+000	
4.59555037e-003	4.99211733e-002	4.99211733e-002	0.00000000e+000	
4.59882588e-003	4.99211790e-002	4.99211790e-002	0.00000000e+000	
4.60210140e-003	4.99211846e-002	4.99211846e-002	0.00000000e+000	
4.60537692e-003	4.99211903e-002	4.99211903e-002	0.00000000e+000	
4.60865243e-003	4.99211959e-002	4.99211959e-002	0.00000000e+000	
4.61192795e-003	4.99212016e-002	4.99212016e-002	0.00000000e+000	
4.61520347e-003	4.99212072e-002	4.99212072e-002	0.00000000e+000	
4.61847899e-003	4.99212129e-002	4.99212129e-002	0.00000000e+000	
4.62175450e-003	4.99212185e-002	4.99212185e-002	0.00000000e+000	
4.62503002e-003	4.99212242e-002	4.99212242e-002	0.00000000e+000	
4.62830554e-003	4.99212298e-002	4.99212298e-002	0.00000000e+000	
4.63158105e-003	4.99212355e-002	4.99212355e-002	0.00000000e+000	
4.63485657e-003	4.99212427e-002	4.99212427e-002	0.00000000e+000	
4.63813209e-003	4.99212578e-002	4.99212578e-002	0.00000000e+000	
4.64140761e-003	4.99212728e-002	4.99212728e-002	0.00000000e+000	
4.64468312e-003	4.99212878e-002	4.99212878e-002	0.00000000e+000	
4.64795864e-003	4.99213029e-002	4.99213029e-002	0.00000000e+000	
4.65123416e-003	4.99213179e-002	4.99213179e-002	0.00000000e+000	
4.65450967e-003	4.99213329e-002	4.99213329e-002	0.00000000e+000	
4.65778519e-003	4.99213480e-002	4.99213480e-002	0.00000000e+000	
4.66106071e-003	4.99213630e-002	4.99213630e-002	0.00000000e+000	
4.66433622e-003	4.99213780e-002	4.99213780e-002	0.00000000e+000	
4.66761174e-003	4.99213931e-002	4.99213931e-002	0.00000000e+000	
4.67088726e-003	4.99214081e-002	4.99214081e-002	0.00000000e+000	
4.67416278e-003	4.99214231e-002	4.99214231e-002	0.00000000e+000	
4.67743829e-003	4.99214382e-002	4.99214382e-002	0.00000000e+000	
4.68071381e-003	4.99214532e-002	4.99214532e-002	0.00000000e+000	
4.68398933e-003	4.99214682e-002	4.99214682e-002	0.00000000e+000	
4.68726484e-003	4.99214833e-002	4.99214833e-002	0.00000000e+000	
4.69054036e-003	4.99214983e-002	4.99214983e-002	0.00000000e+000	
4.69381588e-003	4.99215133e-002	4.99215133e-002	0.00000000e+000	
4.69709139e-003	4.99215284e-002	4.99215284e-002	0.00000000e+000	
4.70036691e-003	4.99215434e-002	4.99215434e-002	0.00000000e+000	
4.70364243e-003	4.99215584e-002	4.99215584e-002	0.00000000e+000	
4.70691795e-003	4.99215735e-002	4.99215735e-002	0.00000000e+000	
4.71019346e-003	4.99215885e-002	4.99215885e-002	0.00000000e+000	
4.71346898e-003	4.99216035e-002	4.99216035e-002	0.00000000e+000	
4.71674450e-003	4.99216186e-002	4.99216186e-002	0.00000000e+000	
4.72002001e-003	4.99216233e-002	4.99216233e-002	0.00000000e+000	
4.72329553e-003	4.99216261e-002	4.99216261e-002	0.00000000e+000	
4.72657105e-003	4.99216289e-002	4.99216289e-002	0.00000000e+000	
4.72984656e-003	4.99216317e-002	4.99216317e-002	0.00000000e+000	
4.73312208e-003	4.99216344e-002	4.99216344e-002	0.00000000e+000	
4.73639760e-003	4.99216372e-002	4.99216372e-002	0.00000000e+000	
4.73967312e-003	4.99216400e-002	4.99216400e-002	0.00000000e+000	
4.74294863e-003	4.99216428e-002	4.99216428e-002	0.00000000e+000	
4.74622415e-003	4.99216456e-002	4.99216456e-002	0.00000000e+000	
4.74949967e-003	4.99216484e-002	4.99216484e-002	0.00000000e+000	
4.75277518e-003	4.99216511e-002	4.99216511e-002	0.00000000e+000	
4.75605070e-003	4.99216539e-002	4.99216539e-002	0.00000000e+000	
4.75932622e-003	4.99216567e-002	4.99216567e-002	0.00000000e+000	
4.76260173e-003	4.99216595e-002	4.99216595e-002	0.00000000e+000	
4.76587725e-003	4.99216623e-002	4.99216623e-002	0.00000000e+000	
4.76915277e-003	4.99216650e-002	4.99216650e-002	0.00000000e+000	
4.77242829e-003	4.99216678e-002	4.99216678e-002	0.00000000e+000	
4.77570380e-003	4.99216706e-002	4.99216706e-002	0.00000000e+000	
4.77897932e-003	4.99216734e-002	4.99216734e-002	0.00000000e+000	
4.78225484e-003	4.99216762e-002	4.99216762e-002	0.00000000e+000	
4.78553035e-003	4.99216790e-002	4.99216790e-002	0.00000000e+000	
4.78880587e-003	4.99216817e-002	4.99216817e-002	0.00000000e+000	
4.79208139e-003	4.99216845e-002	4.99216845e-002	0.00000000e+000	
4.79535690e-003	4.99216873e-002	4.99216873e-002	0.00000000e+000	
4.79863242e-003	4.99216901e-002	4.99216901e-002	0.00000000e+000	
4.80190794e-003	4.99216929e-002	4.99216929e-002	0.00000000e+000	
4.80518346e-003	4.99216956e-002	4.99216956e-002	0.00000000e+000	
4.80845897e-003	4.99216984e-002	4.99216984e-002	0.00000000e+000	
4.81173449e-003	4.99216974e-002	4.99216974e-002	0.00000000e+000	
4.81501001e-003	4.99216960e-002	4.99216960e-002	0.00000000e+000	
4.81828552e-003	4.99216946e-002	4.99216946e-002	0.00000000e+000	
4.82156104e-003	4.99216932e-002	4.99216932e-002	0.00000000e+000	
4.82483656e-003	4.99216918e-002	4.99216918e-002	0.00000000e+000	
4.82811207e-003	4.99216904e-002	4.99216904e-002	0.00000000e+000	
4.83138759e-003	4.99216890e-002	4.99216890e-002	0.00000000e+000	
4.83466311e-003	4.99216876e-002	4.99216876e-002	0.00000000e+000	
4.83793863e-003	4.99216862e-002	4.99216862e-002	0.00000000e+000	
4.84121414e-003	4.99216849e-002	4.99216849e-002	0.00000000e+000	
4.84448966e-003	4.99216835e-002	4.99216835e-002	0.00000000e+000	
4.84776518e-003	4.99216821e-002	4.99216821e-002	0.00000000e+000	
4.85104069e-003	4.99216807e-002	4.99216807e-002	0.00000000e+000	
4.85431621e-003	4.99216793e-002	4.99216793e-002	0.00000000e+000	
4.85759173e-003	4.99216779e-002	4.99216779e-002	0.00000000e+000	
4.86086724e-003	4.99216765e-002	4.99216765e-002	0.00000000e+000	
4.86414276e-003	4.99216751e-002	4.99216751e-002	0.00000000e+000	
4.86741828e-003	4.99216737e-002	4.99216737e-002	0.00000000e+000	
4.87069380e-003	4.99216740e-002	4.99216740e-002	0.00000000e+000	
4.87396931e-003	4.99216745e-002	4.99216745e-002	0.00000000e+000	
4.87724483e-003	4.99216749e-002	4.99216749e-002	0.00000000e+000	
4.88052035e-003	4.99216753e-002	4.99216753e-002	0.00000000e+000	
4.88379586e-003	4.99216758e-002	4.99216758e-002	0.00000000e+000	
4.88707138e-003	4.99216762e-002	4.99216762e-002	0.00000000e+000	
4.89034690e-003	4.99216767e-002	4.99216767e-002	0.00000000e+000	
4.89362241e-003	4.99216771e-002	4.99216771e-002	0.00000000e+000	
4.89689793e-003	4.99216776e-002	4.99216776e-002	0.00000000e+000	
4.90017345e-003	4.99216780e-002	4.99216780e-002	0.00000000e+000	
4.90344897e-003	4.99216785e-002	4.99216785e-002	0.00000000e+000	
4.90672448e-003	4.99216789e-002	4.99216789e-002	0.00000000e+000	
4.91000000e-003	4.99216794e-002	4.99216794e-002	0.00000000e+000	
