% Column 0: Length, m
% Column 1: |V|, Volts
% Column 2: Re[V], Volts
% Column 3: Im[V], Volts
0.00000000e+000	1.71818790e-002	1.71818790e-002	0.00000000e+000	
3.28219490e-006	1.71818034e-002	1.71818034e-002	0.00000000e+000	
6.56438981e-006	1.71817277e-002	1.71817277e-002	0.00000000e+000	
9.84658471e-006	1.71816521e-002	1.71816521e-002	0.00000000e+000	
1.31287796e-005	1.71815764e-002	1.71815764e-002	0.00000000e+000	
1.64109745e-005	1.71815008e-002	1.71815008e-002	0.00000000e+000	
1.96931694e-005	1.71814251e-002	1.71814251e-002	0.00000000e+000	
2.29753643e-005	1.71813495e-002	1.71813495e-002	0.00000000e+000	
2.62575592e-005	1.71812738e-002	1.71812738e-002	0.00000000e+000	
2.95397541e-005	1.71811982e-002	1.71811982e-002	0.00000000e+000	
3.28219490e-005	1.71811225e-002	1.71811225e-002	0.00000000e+000	
3.61041440e-005	1.71810469e-002	1.71810469e-002	0.00000000e+000	
3.93863389e-005	1.71809712e-002	1.71809712e-002	0.00000000e+000	
4.26685338e-005	1.71808956e-002	1.71808956e-002	0.00000000e+000	
4.59507287e-005	1.71808199e-002	1.71808199e-002	0.00000000e+000	
4.92329236e-005	1.71807443e-002	1.71807443e-002	0.00000000e+000	
5.25151185e-005	1.71806686e-002	1.71806686e-002	0.00000000e+000	
5.57973134e-005	1.71805930e-002	1.71805930e-002	0.00000000e+000	
5.90795083e-005	1.71805173e-002	1.71805173e-002	0.00000000e+000	
6.23617032e-005	1.71804417e-002	1.71804417e-002	0.00000000e+000	
6.56438981e-005	1.71800957e-002	1.71800957e-002	0.00000000e+000	
6.89260930e-005	1.71797442e-002	1.71797442e-002	0.00000000e+000	
7.22082879e-005	1.71793926e-002	1.71793926e-002	0.00000000e+000	
7.54904828e-005	1.71790411e-002	1.71790411e-002	0.00000000e+000	
7.87726777e-005	1.71786895e-002	1.71786895e-002	0.00000000e+000	
8.20548726e-005	1.71783380e-002	1.71783380e-002	0.00000000e+000	
8.53370675e-005	1.71779864e-002	1.71779864e-002	0.00000000e+000	
8.86192624e-005	1.71776349e-002	1.71776349e-002	0.00000000e+000	
9.19014573e-005	1.71772833e-002	1.71772833e-002	0.00000000e+000	
9.51836522e-005	1.71769318e-002	1.71769318e-002	0.00000000e+000	
9.84658471e-005	1.71765802e-002	1.71765802e-002	0.00000000e+000	
1.01748042e-004	1.71762287e-002	1.71762287e-002	0.00000000e+000	
1.05030237e-004	1.71758771e-002	1.71758771e-002	0.00000000e+000	
1.08312432e-004	1.71755256e-002	1.71755256e-002	0.00000000e+000	
1.11594627e-004	1.71751740e-002	1.71751740e-002	0.00000000e+000	
1.14876822e-004	1.71748225e-002	1.71748225e-002	0.00000000e+000	
1.18159017e-004	1.71744709e-002	1.71744709e-002	0.00000000e+000	
1.21441211e-004	1.71741194e-002	1.71741194e-002	0.00000000e+000	
1.24723406e-004	1.71737678e-002	1.71737678e-002	0.00000000e+000	
1.28005601e-004	1.71734163e-002	1.71734163e-002	0.00000000e+000	
1.31287796e-004	1.71730647e-002	1.71730647e-002	0.00000000e+000	
1.34569991e-004	1.71727132e-002	1.71727132e-002	0.00000000e+000	
1.37852186e-004	1.71723616e-002	1.71723616e-002	0.00000000e+000	
1.41134381e-004	1.71720101e-002	1.71720101e-002	0.00000000e+000	
1.44416576e-004	1.71718517e-002	1.71718517e-002	0.00000000e+000	
1.47698771e-004	1.71717707e-002	1.71717707e-002	0.00000000e+000	
1.50980966e-004	1.71716896e-002	1.71716896e-002	0.00000000e+000	
1.54263161e-004	1.71716086e-002	1.71716086e-002	0.00000000e+000	
1.57545355e-004	1.71715275e-002	1.71715275e-002	0.00000000e+000	
1.60827550e-004	1.71714465e-002	1.71714465e-002	0.00000000e+000	
1.64109745e-004	1.71713655e-002	1.71713655e-002	0.00000000e+000	
1.67391940e-004	1.71712844e-002	1.71712844e-002	0.00000000e+000	
1.70674135e-004	1.71712034e-002	1.71712034e-002	0.00000000e+000	
1.73956330e-004	1.71711223e-002	1.71711223e-002	0.00000000e+000	
1.77238525e-004	1.71710413e-002	1.71710413e-002	0.00000000e+000	
1.80520720e-004	1.71709602e-002	1.71709602e-002	0.00000000e+000	
1.83802915e-004	1.71708792e-002	1.71708792e-002	0.00000000e+000	
1.87085110e-004	1.71707982e-002	1.71707982e-002	0.00000000e+000	
1.90367304e-004	1.71707171e-002	1.71707171e-002	0.00000000e+000	
1.93649499e-004	1.71706361e-002	1.71706361e-002	0.00000000e+000	
1.96931694e-004	1.71705550e-002	1.71705550e-002	0.00000000e+000	
2.00213889e-004	1.71704740e-002	1.71704740e-002	0.00000000e+000	
2.03496084e-004	1.71703929e-002	1.71703929e-002	0.00000000e+000	
2.06778279e-004	1.71703119e-002	1.71703119e-002	0.00000000e+000	
2.10060474e-004	1.71702309e-002	1.71702309e-002	0.00000000e+000	
2.13342669e-004	1.71701498e-002	1.71701498e-002	0.00000000e+000	
2.16624864e-004	1.71701090e-002	1.71701090e-002	0.00000000e+000	
2.19907059e-004	1.71701124e-002	1.71701124e-002	0.00000000e+000	
2.23189254e-004	1.71701158e-002	1.71701158e-002	0.00000000e+000	
2.26471448e-004	1.71701192e-002	1.71701192e-002	0.00000000e+000	
2.29753643e-004	1.71701226e-002	1.71701226e-002	0.00000000e+000	
2.33035838e-004	1.71701260e-002	1.71701260e-002	0.00000000e+000	
2.36318033e-004	1.71701293e-002	1.71701293e-002	0.00000000e+000	
2.39600228e-004	1.71701327e-002	1.71701327e-002	0.00000000e+000	
2.42882423e-004	1.71701361e-002	1.71701361e-002	0.00000000e+000	
2.46164618e-004	1.71701395e-002	1.71701395e-002	0.00000000e+000	
2.49446813e-004	1.71701429e-002	1.71701429e-002	0.00000000e+000	
2.52729008e-004	1.71701463e-002	1.71701463e-002	0.00000000e+000	
2.56011203e-004	1.71701497e-002	1.71701497e-002	0.00000000e+000	
2.59293397e-004	1.71701531e-002	1.71701531e-002	0.00000000e+000	
2.62575592e-004	1.71701565e-002	1.71701565e-002	0.00000000e+000	
2.65857787e-004	1.71701599e-002	1.71701599e-002	0.00000000e+000	
2.69139982e-004	1.71701633e-002	1.71701633e-002	0.00000000e+000	
2.72422177e-004	1.71701667e-002	1.71701667e-002	0.00000000e+000	
2.75704372e-004	1.71701700e-002	1.71701700e-002	0.00000000e+000	
2.78986567e-004	1.71701734e-002	1.71701734e-002	0.00000000e+000	
2.82268762e-004	1.71701768e-002	1.71701768e-002	0.00000000e+000	
2.85550957e-004	1.71701802e-002	1.71701802e-002	0.00000000e+000	
2.88833152e-004	1.71701836e-002	1.71701836e-002	0.00000000e+000	
2.92115347e-004	1.71701870e-002	1.71701870e-002	0.00000000e+000	
2.95397541e-004	1.71701904e-002	1.71701904e-002	0.00000000e+000	
2.98679736e-004	1.71701938e-002	1.71701938e-002	0.00000000e+000	
3.01961931e-004	1.71701972e-002	1.71701972e-002	0.00000000e+000	
3.05244126e-004	1.71701449e-002	1.71701449e-002	0.00000000e+000	
3.08526321e-004	1.71700477e-002	1.71700477e-002	0.00000000e+000	
3.11808516e-004	1.71699505e-002	1.71699505e-002	0.00000000e+000	
3.15090711e-004	1.71698532e-002	1.71698532e-002	0.00000000e+000	
3.18372906e-004	1.71697560e-002	1.71697560e-002	0.00000000e+000	
3.21655101e-004	1.71696588e-002	1.71696588e-002	0.00000000e+000	
3.24937296e-004	1.71695616e-002	1.71695616e-002	0.00000000e+000	
3.28219490e-004	1.71694644e-002	1.71694644e-002	0.00000000e+000	
3.31501685e-004	1.71693672e-002	1.71693672e-002	0.00000000e+000	
3.34783880e-004	1.71692699e-002	1.71692699e-002	0.00000000e+000	
3.38066075e-004	1.71691727e-002	1.71691727e-002	0.00000000e+000	
3.41348270e-004	1.71690755e-002	1.71690755e-002	0.00000000e+000	
3.44630465e-004	1.71689783e-002	1.71689783e-002	0.00000000e+000	
3.47912660e-004	1.71688811e-002	1.71688811e-002	0.00000000e+000	
3.51194855e-004	1.71687839e-002	1.71687839e-002	0.00000000e+000	
3.54477050e-004	1.71686866e-002	1.71686866e-002	0.00000000e+000	
3.57759245e-004	1.71685894e-002	1.71685894e-002	0.00000000e+000	
3.61041440e-004	1.71684922e-002	1.71684922e-002	0.00000000e+000	
3.64323634e-004	1.71683950e-002	1.71683950e-002	0.00000000e+000	
3.67605829e-004	1.71682978e-002	1.71682978e-002	0.00000000e+000	
3.70888024e-004	1.71682005e-002	1.71682005e-002	0.00000000e+000	
3.74170219e-004	1.71681033e-002	1.71681033e-002	0.00000000e+000	
3.77452414e-004	1.71680061e-002	1.71680061e-002	0.00000000e+000	
3.80734609e-004	1.71679089e-002	1.71679089e-002	0.00000000e+000	
3.84016804e-004	1.71678117e-002	1.71678117e-002	0.00000000e+000	
3.87298999e-004	1.71677145e-002	1.71677145e-002	0.00000000e+000	
3.90581194e-004	1.71675553e-002	1.71675553e-002	0.00000000e+000	
3.93863389e-004	1.71673595e-002	1.71673595e-002	0.00000000e+000	
3.97145584e-004	1.71671637e-002	1.71671637e-002	0.00000000e+000	
4.00427778e-004	1.71669680e-002	1.71669680e-002	0.00000000e+000	
4.03709973e-004	1.71667722e-002	1.71667722e-002	0.00000000e+000	
4.06992168e-004	1.71665764e-002	1.71665764e-002	0.00000000e+000	
4.10274363e-004	1.71663806e-002	1.71663806e-002	0.00000000e+000	
4.13556558e-004	1.71661849e-002	1.71661849e-002	0.00000000e+000	
4.16838753e-004	1.71659891e-002	1.71659891e-002	0.00000000e+000	
4.20120948e-004	1.71657933e-002	1.71657933e-002	0.00000000e+000	
4.23403143e-004	1.71655975e-002	1.71655975e-002	0.00000000e+000	
4.26685338e-004	1.71654018e-002	1.71654018e-002	0.00000000e+000	
4.29967533e-004	1.71652060e-002	1.71652060e-002	0.00000000e+000	
4.33249727e-004	1.71650102e-002	1.71650102e-002	0.00000000e+000	
4.36531922e-004	1.71648144e-002	1.71648144e-002	0.00000000e+000	
4.39814117e-004	1.71646187e-002	1.71646187e-002	0.00000000e+000	
4.43096312e-004	1.71644229e-002	1.71644229e-002	0.00000000e+000	
4.46378507e-004	1.71642271e-002	1.71642271e-002	0.00000000e+000	
4.49660702e-004	1.71640314e-002	1.71640314e-002	0.00000000e+000	
4.52942897e-004	1.71638356e-002	1.71638356e-002	0.00000000e+000	
4.56225092e-004	1.71636398e-002	1.71636398e-002	0.00000000e+000	
4.59507287e-004	1.71634440e-002	1.71634440e-002	0.00000000e+000	
4.62789482e-004	1.71632483e-002	1.71632483e-002	0.00000000e+000	
4.66071677e-004	1.71630525e-002	1.71630525e-002	0.00000000e+000	
4.69353871e-004	1.71628567e-002	1.71628567e-002	0.00000000e+000	
4.72636066e-004	1.71626609e-002	1.71626609e-002	0.00000000e+000	
4.75918261e-004	1.71624652e-002	1.71624652e-002	0.00000000e+000	
4.79200456e-004	1.71622694e-002	1.71622694e-002	0.00000000e+000	
4.82482651e-004	1.71620736e-002	1.71620736e-002	0.00000000e+000	
4.85764846e-004	1.71618778e-002	1.71618778e-002	0.00000000e+000	
4.89047041e-004	1.71616821e-002	1.71616821e-002	0.00000000e+000	
4.92329236e-004	1.71614863e-002	1.71614863e-002	0.00000000e+000	
4.95611431e-004	1.71612905e-002	1.71612905e-002	0.00000000e+000	
4.98893626e-004	1.71610947e-002	1.71610947e-002	0.00000000e+000	
5.02175820e-004	1.71608990e-002	1.71608990e-002	0.00000000e+000	
5.05458015e-004	1.71607032e-002	1.71607032e-002	0.00000000e+000	
5.08740210e-004	1.71605074e-002	1.71605074e-002	0.00000000e+000	
5.12022405e-004	1.71603116e-002	1.71603116e-002	0.00000000e+000	
5.15304600e-004	1.71601159e-002	1.71601159e-002	0.00000000e+000	
5.18586795e-004	1.71599201e-002	1.71599201e-002	0.00000000e+000	
5.21868990e-004	1.71597243e-002	1.71597243e-002	0.00000000e+000	
5.25151185e-004	1.71595285e-002	1.71595285e-002	0.00000000e+000	
5.28433380e-004	1.71593328e-002	1.71593328e-002	0.00000000e+000	
5.31715575e-004	1.71591370e-002	1.71591370e-002	0.00000000e+000	
5.34997770e-004	1.71589412e-002	1.71589412e-002	0.00000000e+000	
5.38279964e-004	1.71587454e-002	1.71587454e-002	0.00000000e+000	
5.41562159e-004	1.71585497e-002	1.71585497e-002	0.00000000e+000	
5.44844354e-004	1.71583539e-002	1.71583539e-002	0.00000000e+000	
5.48126549e-004	1.71581581e-002	1.71581581e-002	0.00000000e+000	
5.51408744e-004	1.71579623e-002	1.71579623e-002	0.00000000e+000	
5.54690939e-004	1.71577666e-002	1.71577666e-002	0.00000000e+000	
5.57973134e-004	1.71575708e-002	1.71575708e-002	0.00000000e+000	
5.61255329e-004	1.71573750e-002	1.71573750e-002	0.00000000e+000	
5.64537524e-004	1.71571792e-002	1.71571792e-002	0.00000000e+000	
5.67819719e-004	1.71569835e-002	1.71569835e-002	0.00000000e+000	
5.71101913e-004	1.71567877e-002	1.71567877e-002	0.00000000e+000	
5.74384108e-004	1.71565919e-002	1.71565919e-002	0.00000000e+000	
5.77666303e-004	1.71563961e-002	1.71563961e-002	0.00000000e+000	
5.80948498e-004	1.71562004e-002	1.71562004e-002	0.00000000e+000	
5.84230693e-004	1.71560046e-002	1.71560046e-002	0.00000000e+000	
5.87512888e-004	1.71558088e-002	1.71558088e-002	0.00000000e+000	
5.90795083e-004	1.71556959e-002	1.71556959e-002	0.00000000e+000	
5.94077278e-004	1.71555863e-002	1.71555863e-002	0.00000000e+000	
5.97359473e-004	1.71554768e-002	1.71554768e-002	0.00000000e+000	
6.00641668e-004	1.71553672e-002	1.71553672e-002	0.00000000e+000	
6.03923863e-004	1.71552576e-002	1.71552576e-002	0.00000000e+000	
6.07206057e-004	1.71551481e-002	1.71551481e-002	0.00000000e+000	
6.10488252e-004	1.71550385e-002	1.71550385e-002	0.00000000e+000	
6.13770447e-004	1.71549290e-002	1.71549290e-002	0.00000000e+000	
6.17052642e-004	1.71548194e-002	1.71548194e-002	0.00000000e+000	
6.20334837e-004	1.71547098e-002	1.71547098e-002	0.00000000e+000	
6.23617032e-004	1.71546003e-002	1.71546003e-002	0.00000000e+000	
6.26899227e-004	1.71544907e-002	1.71544907e-002	0.00000000e+000	
6.30181422e-004	1.71543812e-002	1.71543812e-002	0.00000000e+000	
6.33463617e-004	1.71542716e-002	1.71542716e-002	0.00000000e+000	
6.36745812e-004	1.71541620e-002	1.71541620e-002	0.00000000e+000	
6.40028006e-004	1.71540525e-002	1.71540525e-002	0.00000000e+000	
6.43310201e-004	1.71539429e-002	1.71539429e-002	0.00000000e+000	
6.46592396e-004	1.71538334e-002	1.71538334e-002	0.00000000e+000	
6.49874591e-004	1.71537238e-002	1.71537238e-002	0.00000000e+000	
6.53156786e-004	1.71536142e-002	1.71536142e-002	0.00000000e+000	
6.56438981e-004	1.71535047e-002	1.71535047e-002	0.00000000e+000	
6.59721176e-004	1.71533951e-002	1.71533951e-002	0.00000000e+000	
6.63003371e-004	1.71532876e-002	1.71532876e-002	0.00000000e+000	
6.66285566e-004	1.71531898e-002	1.71531898e-002	0.00000000e+000	
6.69567761e-004	1.71530921e-002	1.71530921e-002	0.00000000e+000	
6.72849956e-004	1.71529943e-002	1.71529943e-002	0.00000000e+000	
6.76132150e-004	1.71528965e-002	1.71528965e-002	0.00000000e+000	
6.79414345e-004	1.71527988e-002	1.71527988e-002	0.00000000e+000	
6.82696540e-004	1.71527010e-002	1.71527010e-002	0.00000000e+000	
6.85978735e-004	1.71526032e-002	1.71526032e-002	0.00000000e+000	
6.89260930e-004	1.71525054e-002	1.71525054e-002	0.00000000e+000	
6.92543125e-004	1.71524077e-002	1.71524077e-002	0.00000000e+000	
6.95825320e-004	1.71523099e-002	1.71523099e-002	0.00000000e+000	
6.99107515e-004	1.71522121e-002	1.71522121e-002	0.00000000e+000	
7.02389710e-004	1.71521144e-002	1.71521144e-002	0.00000000e+000	
7.05671905e-004	1.71520166e-002	1.71520166e-002	0.00000000e+000	
7.08954099e-004	1.71519188e-002	1.71519188e-002	0.00000000e+000	
7.12236294e-004	1.71518211e-002	1.71518211e-002	0.00000000e+000	
7.15518489e-004	1.71517233e-002	1.71517233e-002	0.00000000e+000	
7.18800684e-004	1.71516255e-002	1.71516255e-002	0.00000000e+000	
7.22082879e-004	1.71515278e-002	1.71515278e-002	0.00000000e+000	
7.25365074e-004	1.71514300e-002	1.71514300e-002	0.00000000e+000	
7.28647269e-004	1.71513322e-002	1.71513322e-002	0.00000000e+000	
7.31929464e-004	1.71512345e-002	1.71512345e-002	0.00000000e+000	
7.35211659e-004	1.71511367e-002	1.71511367e-002	0.00000000e+000	
7.38493854e-004	1.71510389e-002	1.71510389e-002	0.00000000e+000	
7.41776049e-004	1.71509412e-002	1.71509412e-002	0.00000000e+000	
7.45058243e-004	1.71508434e-002	1.71508434e-002	0.00000000e+000	
7.48340438e-004	1.71507456e-002	1.71507456e-002	0.00000000e+000	
7.51622633e-004	1.71506479e-002	1.71506479e-002	0.00000000e+000	
7.54904828e-004	1.71505501e-002	1.71505501e-002	0.00000000e+000	
7.58187023e-004	1.71504523e-002	1.71504523e-002	0.00000000e+000	
7.61469218e-004	1.71503546e-002	1.71503546e-002	0.00000000e+000	
7.64751413e-004	1.71502568e-002	1.71502568e-002	0.00000000e+000	
7.68033608e-004	1.71501590e-002	1.71501590e-002	0.00000000e+000	
7.71315803e-004	1.71500612e-002	1.71500612e-002	0.00000000e+000	
7.74597998e-004	1.71499635e-002	1.71499635e-002	0.00000000e+000	
7.77880192e-004	1.71498657e-002	1.71498657e-002	0.00000000e+000	
7.81162387e-004	1.71497679e-002	1.71497679e-002	0.00000000e+000	
7.84444582e-004	1.71496702e-002	1.71496702e-002	0.00000000e+000	
7.87726777e-004	1.71495724e-002	1.71495724e-002	0.00000000e+000	
7.91008972e-004	1.71494746e-002	1.71494746e-002	0.00000000e+000	
7.94291167e-004	1.71493769e-002	1.71493769e-002	0.00000000e+000	
7.97573362e-004	1.71492791e-002	1.71492791e-002	0.00000000e+000	
8.00855557e-004	1.71491813e-002	1.71491813e-002	0.00000000e+000	
8.04137752e-004	1.71490836e-002	1.71490836e-002	0.00000000e+000	
8.07419947e-004	1.71489858e-002	1.71489858e-002	0.00000000e+000	
8.10702142e-004	1.71488880e-002	1.71488880e-002	0.00000000e+000	
8.13984336e-004	1.71487903e-002	1.71487903e-002	0.00000000e+000	
8.17266531e-004	1.71486925e-002	1.71486925e-002	0.00000000e+000	
8.20548726e-004	1.71485947e-002	1.71485947e-002	0.00000000e+000	
8.23830921e-004	1.71484970e-002	1.71484970e-002	0.00000000e+000	
8.27113116e-004	1.71483992e-002	1.71483992e-002	0.00000000e+000	
8.30395311e-004	1.71483014e-002	1.71483014e-002	0.00000000e+000	
8.33677506e-004	1.71482037e-002	1.71482037e-002	0.00000000e+000	
8.36959701e-004	1.71481059e-002	1.71481059e-002	0.00000000e+000	
8.40241896e-004	1.71480081e-002	1.71480081e-002	0.00000000e+000	
8.43524091e-004	1.71479104e-002	1.71479104e-002	0.00000000e+000	
8.46806285e-004	1.71478126e-002	1.71478126e-002	0.00000000e+000	
8.50088480e-004	1.71477148e-002	1.71477148e-002	0.00000000e+000	
8.53370675e-004	1.71476170e-002	1.71476170e-002	0.00000000e+000	
8.56652870e-004	1.71475193e-002	1.71475193e-002	0.00000000e+000	
8.59935065e-004	1.71474215e-002	1.71474215e-002	0.00000000e+000	
8.63217260e-004	1.71473237e-002	1.71473237e-002	0.00000000e+000	
8.66499455e-004	1.71472260e-002	1.71472260e-002	0.00000000e+000	
8.69781650e-004	1.71471282e-002	1.71471282e-002	0.00000000e+000	
8.73063845e-004	1.71470304e-002	1.71470304e-002	0.00000000e+000	
8.76346040e-004	1.71469327e-002	1.71469327e-002	0.00000000e+000	
8.79628235e-004	1.71468349e-002	1.71468349e-002	0.00000000e+000	
8.82910429e-004	1.71467371e-002	1.71467371e-002	0.00000000e+000	
8.86192624e-004	1.71466394e-002	1.71466394e-002	0.00000000e+000	
8.89474819e-004	1.71465418e-002	1.71465418e-002	0.00000000e+000	
8.92757014e-004	1.71464446e-002	1.71464446e-002	0.00000000e+000	
8.96039209e-004	1.71463473e-002	1.71463473e-002	0.00000000e+000	
8.99321404e-004	1.71462500e-002	1.71462500e-002	0.00000000e+000	
9.02603599e-004	1.71461528e-002	1.71461528e-002	0.00000000e+000	
9.05885794e-004	1.71460555e-002	1.71460555e-002	0.00000000e+000	
9.09167989e-004	1.71459583e-002	1.71459583e-002	0.00000000e+000	
9.12450184e-004	1.71458610e-002	1.71458610e-002	0.00000000e+000	
9.15732378e-004	1.71457637e-002	1.71457637e-002	0.00000000e+000	
9.19014573e-004	1.71456665e-002	1.71456665e-002	0.00000000e+000	
9.22296768e-004	1.71455692e-002	1.71455692e-002	0.00000000e+000	
9.25578963e-004	1.71454720e-002	1.71454720e-002	0.00000000e+000	
9.28861158e-004	1.71453747e-002	1.71453747e-002	0.00000000e+000	
9.32143353e-004	1.71452775e-002	1.71452775e-002	0.00000000e+000	
9.35425548e-004	1.71451802e-002	1.71451802e-002	0.00000000e+000	
9.38707743e-004	1.71450829e-002	1.71450829e-002	0.00000000e+000	
9.41989938e-004	1.71449857e-002	1.71449857e-002	0.00000000e+000	
9.45272133e-004	1.71448884e-002	1.71448884e-002	0.00000000e+000	
9.48554328e-004	1.71447912e-002	1.71447912e-002	0.00000000e+000	
9.51836522e-004	1.71446939e-002	1.71446939e-002	0.00000000e+000	
9.55118717e-004	1.71445966e-002	1.71445966e-002	0.00000000e+000	
9.58400912e-004	1.71444994e-002	1.71444994e-002	0.00000000e+000	
9.61683107e-004	1.71444174e-002	1.71444174e-002	0.00000000e+000	
9.64965302e-004	1.71443390e-002	1.71443390e-002	0.00000000e+000	
9.68247497e-004	1.71442606e-002	1.71442606e-002	0.00000000e+000	
9.71529692e-004	1.71441822e-002	1.71441822e-002	0.00000000e+000	
9.74811887e-004	1.71441038e-002	1.71441038e-002	0.00000000e+000	
9.78094082e-004	1.71440254e-002	1.71440254e-002	0.00000000e+000	
9.81376277e-004	1.71439470e-002	1.71439470e-002	0.00000000e+000	
9.84658471e-004	1.71438686e-002	1.71438686e-002	0.00000000e+000	
9.87940666e-004	1.71437902e-002	1.71437902e-002	0.00000000e+000	
9.91222861e-004	1.71437118e-002	1.71437118e-002	0.00000000e+000	
9.94505056e-004	1.71436334e-002	1.71436334e-002	0.00000000e+000	
9.97787251e-004	1.71435550e-002	1.71435550e-002	0.00000000e+000	
1.00106945e-003	1.71434766e-002	1.71434766e-002	0.00000000e+000	
1.00435164e-003	1.71433982e-002	1.71433982e-002	0.00000000e+000	
1.00763384e-003	1.71433198e-002	1.71433198e-002	0.00000000e+000	
1.01091603e-003	1.71432414e-002	1.71432414e-002	0.00000000e+000	
1.01419823e-003	1.71431630e-002	1.71431630e-002	0.00000000e+000	
1.01748042e-003	1.71430846e-002	1.71430846e-002	0.00000000e+000	
1.02076262e-003	1.71430062e-002	1.71430062e-002	0.00000000e+000	
1.02404481e-003	1.71429278e-002	1.71429278e-002	0.00000000e+000	
1.02732701e-003	1.71428494e-002	1.71428494e-002	0.00000000e+000	
1.03060920e-003	1.71427710e-002	1.71427710e-002	0.00000000e+000	
1.03389140e-003	1.71426926e-002	1.71426926e-002	0.00000000e+000	
1.03717359e-003	1.71426142e-002	1.71426142e-002	0.00000000e+000	
1.04045578e-003	1.71425358e-002	1.71425358e-002	0.00000000e+000	
1.04373798e-003	1.71424574e-002	1.71424574e-002	0.00000000e+000	
1.04702017e-003	1.71423790e-002	1.71423790e-002	0.00000000e+000	
1.05030237e-003	1.71423006e-002	1.71423006e-002	0.00000000e+000	
1.05358456e-003	1.71422222e-002	1.71422222e-002	0.00000000e+000	
1.05686676e-003	1.71421438e-002	1.71421438e-002	0.00000000e+000	
1.06014895e-003	1.71420654e-002	1.71420654e-002	0.00000000e+000	
1.06343115e-003	1.71419870e-002	1.71419870e-002	0.00000000e+000	
1.06671334e-003	1.71419086e-002	1.71419086e-002	0.00000000e+000	
1.06999554e-003	1.71418302e-002	1.71418302e-002	0.00000000e+000	
1.07327773e-003	1.71417518e-002	1.71417518e-002	0.00000000e+000	
1.07655993e-003	1.71416734e-002	1.71416734e-002	0.00000000e+000	
1.07984212e-003	1.71415951e-002	1.71415951e-002	0.00000000e+000	
1.08312432e-003	1.71415167e-002	1.71415167e-002	0.00000000e+000	
1.08640651e-003	1.71414383e-002	1.71414383e-002	0.00000000e+000	
1.08968871e-003	1.71413599e-002	1.71413599e-002	0.00000000e+000	
1.09297090e-003	1.71412815e-002	1.71412815e-002	0.00000000e+000	
1.09625310e-003	1.71412031e-002	1.71412031e-002	0.00000000e+000	
1.09953529e-003	1.71411247e-002	1.71411247e-002	0.00000000e+000	
1.10281749e-003	1.71410463e-002	1.71410463e-002	0.00000000e+000	
1.10609968e-003	1.71409679e-002	1.71409679e-002	0.00000000e+000	
1.10938188e-003	1.71408895e-002	1.71408895e-002	0.00000000e+000	
1.11266407e-003	1.71408111e-002	1.71408111e-002	0.00000000e+000	
1.11594627e-003	1.71407327e-002	1.71407327e-002	0.00000000e+000	
1.11922846e-003	1.71406543e-002	1.71406543e-002	0.00000000e+000	
1.12251066e-003	1.71405759e-002	1.71405759e-002	0.00000000e+000	
1.12579285e-003	1.71404975e-002	1.71404975e-002	0.00000000e+000	
1.12907505e-003	1.71404191e-002	1.71404191e-002	0.00000000e+000	
1.13235724e-003	1.71403407e-002	1.71403407e-002	0.00000000e+000	
1.13563944e-003	1.71402623e-002	1.71402623e-002	0.00000000e+000	
1.13892163e-003	1.71401839e-002	1.71401839e-002	0.00000000e+000	
1.14220383e-003	1.71401055e-002	1.71401055e-002	0.00000000e+000	
1.14548602e-003	1.71400271e-002	1.71400271e-002	0.00000000e+000	
1.14876822e-003	1.71399487e-002	1.71399487e-002	0.00000000e+000	
1.15205041e-003	1.71398703e-002	1.71398703e-002	0.00000000e+000	
1.15533261e-003	1.71397919e-002	1.71397919e-002	0.00000000e+000	
1.15861480e-003	1.71397135e-002	1.71397135e-002	0.00000000e+000	
1.16189700e-003	1.71396351e-002	1.71396351e-002	0.00000000e+000	
1.16517919e-003	1.71395567e-002	1.71395567e-002	0.00000000e+000	
1.16846139e-003	1.71394783e-002	1.71394783e-002	0.00000000e+000	
1.17174358e-003	1.71393999e-002	1.71393999e-002	0.00000000e+000	
1.17502578e-003	1.71393215e-002	1.71393215e-002	0.00000000e+000	
1.17830797e-003	1.71392431e-002	1.71392431e-002	0.00000000e+000	
1.18159017e-003	1.71391647e-002	1.71391647e-002	0.00000000e+000	
1.18487236e-003	1.71390863e-002	1.71390863e-002	0.00000000e+000	
1.18815456e-003	1.71390079e-002	1.71390079e-002	0.00000000e+000	
1.19143675e-003	1.71389295e-002	1.71389295e-002	0.00000000e+000	
1.19471895e-003	1.71388511e-002	1.71388511e-002	0.00000000e+000	
1.19800114e-003	1.71387727e-002	1.71387727e-002	0.00000000e+000	
1.20128334e-003	1.71386944e-002	1.71386944e-002	0.00000000e+000	
1.20456553e-003	1.71386160e-002	1.71386160e-002	0.00000000e+000	
1.20784773e-003	1.71385376e-002	1.71385376e-002	0.00000000e+000	
1.21112992e-003	1.71384592e-002	1.71384592e-002	0.00000000e+000	
1.21441211e-003	1.71383808e-002	1.71383808e-002	0.00000000e+000	
1.21769431e-003	1.71383024e-002	1.71383024e-002	0.00000000e+000	
1.22097650e-003	1.71382240e-002	1.71382240e-002	0.00000000e+000	
1.22425870e-003	1.71381456e-002	1.71381456e-002	0.00000000e+000	
1.22754089e-003	1.71380169e-002	1.71380169e-002	0.00000000e+000	
1.23082309e-003	1.71378425e-002	1.71378425e-002	0.00000000e+000	
1.23410528e-003	1.71376682e-002	1.71376682e-002	0.00000000e+000	
1.23738748e-003	1.71374938e-002	1.71374938e-002	0.00000000e+000	
1.24066967e-003	1.71373194e-002	1.71373194e-002	0.00000000e+000	
1.24395187e-003	1.71371450e-002	1.71371450e-002	0.00000000e+000	
1.24723406e-003	1.71369706e-002	1.71369706e-002	0.00000000e+000	
1.25051626e-003	1.71367962e-002	1.71367962e-002	0.00000000e+000	
1.25379845e-003	1.71366219e-002	1.71366219e-002	0.00000000e+000	
1.25708065e-003	1.71364475e-002	1.71364475e-002	0.00000000e+000	
1.26036284e-003	1.71362731e-002	1.71362731e-002	0.00000000e+000	
1.26364504e-003	1.71360987e-002	1.71360987e-002	0.00000000e+000	
1.26692723e-003	1.71359243e-002	1.71359243e-002	0.00000000e+000	
1.27020943e-003	1.71357499e-002	1.71357499e-002	0.00000000e+000	
1.27349162e-003	1.71355755e-002	1.71355755e-002	0.00000000e+000	
1.27677382e-003	1.71354012e-002	1.71354012e-002	0.00000000e+000	
1.28005601e-003	1.71352268e-002	1.71352268e-002	0.00000000e+000	
1.28333821e-003	1.71350524e-002	1.71350524e-002	0.00000000e+000	
1.28662040e-003	1.71348780e-002	1.71348780e-002	0.00000000e+000	
1.28990260e-003	1.71347036e-002	1.71347036e-002	0.00000000e+000	
1.29318479e-003	1.71345292e-002	1.71345292e-002	0.00000000e+000	
1.29646699e-003	1.71343088e-002	1.71343088e-002	0.00000000e+000	
1.29974918e-003	1.71340600e-002	1.71340600e-002	0.00000000e+000	
1.30303138e-003	1.71338112e-002	1.71338112e-002	0.00000000e+000	
1.30631357e-003	1.71335625e-002	1.71335625e-002	0.00000000e+000	
1.30959577e-003	1.71333137e-002	1.71333137e-002	0.00000000e+000	
1.31287796e-003	1.71330649e-002	1.71330649e-002	0.00000000e+000	
1.31616016e-003	1.71328161e-002	1.71328161e-002	0.00000000e+000	
1.31944235e-003	1.71325673e-002	1.71325673e-002	0.00000000e+000	
1.32272455e-003	1.71323185e-002	1.71323185e-002	0.00000000e+000	
1.32600674e-003	1.71320697e-002	1.71320697e-002	0.00000000e+000	
1.32928894e-003	1.71318209e-002	1.71318209e-002	0.00000000e+000	
1.33257113e-003	1.71315721e-002	1.71315721e-002	0.00000000e+000	
1.33585333e-003	1.71313233e-002	1.71313233e-002	0.00000000e+000	
1.33913552e-003	1.71310745e-002	1.71310745e-002	0.00000000e+000	
1.34241772e-003	1.71308258e-002	1.71308258e-002	0.00000000e+000	
1.34569991e-003	1.71305770e-002	1.71305770e-002	0.00000000e+000	
1.34898211e-003	1.71303282e-002	1.71303282e-002	0.00000000e+000	
1.35226430e-003	1.71300794e-002	1.71300794e-002	0.00000000e+000	
1.35554650e-003	1.71298306e-002	1.71298306e-002	0.00000000e+000	
1.35882869e-003	1.71295818e-002	1.71295818e-002	0.00000000e+000	
1.36211089e-003	1.71293330e-002	1.71293330e-002	0.00000000e+000	
1.36539308e-003	1.71290842e-002	1.71290842e-002	0.00000000e+000	
1.36867528e-003	1.71288354e-002	1.71288354e-002	0.00000000e+000	
1.37195747e-003	1.71285866e-002	1.71285866e-002	0.00000000e+000	
1.37523967e-003	1.71283378e-002	1.71283378e-002	0.00000000e+000	
1.37852186e-003	1.71280891e-002	1.71280891e-002	0.00000000e+000	
1.38180406e-003	1.71278403e-002	1.71278403e-002	0.00000000e+000	
1.38508625e-003	1.71275915e-002	1.71275915e-002	0.00000000e+000	
1.38836844e-003	1.71273427e-002	1.71273427e-002	0.00000000e+000	
1.39165064e-003	1.71270939e-002	1.71270939e-002	0.00000000e+000	
1.39493283e-003	1.71268451e-002	1.71268451e-002	0.00000000e+000	
1.39821503e-003	1.71265963e-002	1.71265963e-002	0.00000000e+000	
1.40149722e-003	1.71263475e-002	1.71263475e-002	0.00000000e+000	
1.40477942e-003	1.71260987e-002	1.71260987e-002	0.00000000e+000	
1.40806161e-003	1.71258499e-002	1.71258499e-002	0.00000000e+000	
1.41134381e-003	1.71256011e-002	1.71256011e-002	0.00000000e+000	
1.41462600e-003	1.71253524e-002	1.71253524e-002	0.00000000e+000	
1.41790820e-003	1.71251036e-002	1.71251036e-002	0.00000000e+000	
1.42119039e-003	1.71248548e-002	1.71248548e-002	0.00000000e+000	
1.42447259e-003	1.71246060e-002	1.71246060e-002	0.00000000e+000	
1.42775478e-003	1.71243572e-002	1.71243572e-002	0.00000000e+000	
1.43103698e-003	1.71241084e-002	1.71241084e-002	0.00000000e+000	
1.43431917e-003	1.71238596e-002	1.71238596e-002	0.00000000e+000	
1.43760137e-003	1.71236108e-002	1.71236108e-002	0.00000000e+000	
1.44088356e-003	1.71233620e-002	1.71233620e-002	0.00000000e+000	
1.44416576e-003	1.71231132e-002	1.71231132e-002	0.00000000e+000	
1.44744795e-003	1.71228644e-002	1.71228644e-002	0.00000000e+000	
1.45073015e-003	1.71226157e-002	1.71226157e-002	0.00000000e+000	
1.45401234e-003	1.71223669e-002	1.71223669e-002	0.00000000e+000	
1.45729454e-003	1.71221181e-002	1.71221181e-002	0.00000000e+000	
1.46057673e-003	1.71218693e-002	1.71218693e-002	0.00000000e+000	
1.46385893e-003	1.71216205e-002	1.71216205e-002	0.00000000e+000	
1.46714112e-003	1.71213717e-002	1.71213717e-002	0.00000000e+000	
1.47042332e-003	1.71211229e-002	1.71211229e-002	0.00000000e+000	
1.47370551e-003	1.71208741e-002	1.71208741e-002	0.00000000e+000	
1.47698771e-003	1.71206253e-002	1.71206253e-002	0.00000000e+000	
1.48026990e-003	1.71203765e-002	1.71203765e-002	0.00000000e+000	
1.48355210e-003	1.71201277e-002	1.71201277e-002	0.00000000e+000	
1.48683429e-003	1.71198790e-002	1.71198790e-002	0.00000000e+000	
1.49011649e-003	1.71196302e-002	1.71196302e-002	0.00000000e+000	
1.49339868e-003	1.71193814e-002	1.71193814e-002	0.00000000e+000	
1.49668088e-003	1.71191326e-002	1.71191326e-002	0.00000000e+000	
1.49996307e-003	1.71188838e-002	1.71188838e-002	0.00000000e+000	
1.50324527e-003	1.71186350e-002	1.71186350e-002	0.00000000e+000	
1.50652746e-003	1.71183862e-002	1.71183862e-002	0.00000000e+000	
1.50980966e-003	1.71181374e-002	1.71181374e-002	0.00000000e+000	
1.51309185e-003	1.71178886e-002	1.71178886e-002	0.00000000e+000	
1.51637405e-003	1.71176398e-002	1.71176398e-002	0.00000000e+000	
1.51965624e-003	1.71173910e-002	1.71173910e-002	0.00000000e+000	
1.52293844e-003	1.71171423e-002	1.71171423e-002	0.00000000e+000	
1.52622063e-003	1.71168935e-002	1.71168935e-002	0.00000000e+000	
1.52950283e-003	1.71166447e-002	1.71166447e-002	0.00000000e+000	
1.53278502e-003	1.71163959e-002	1.71163959e-002	0.00000000e+000	
1.53606722e-003	1.71161471e-002	1.71161471e-002	0.00000000e+000	
1.53934941e-003	1.71158983e-002	1.71158983e-002	0.00000000e+000	
1.54263161e-003	1.71156495e-002	1.71156495e-002	0.00000000e+000	
1.54591380e-003	1.71154007e-002	1.71154007e-002	0.00000000e+000	
1.54919600e-003	1.71151519e-002	1.71151519e-002	0.00000000e+000	
1.55247819e-003	1.71149031e-002	1.71149031e-002	0.00000000e+000	
1.55576038e-003	1.71146543e-002	1.71146543e-002	0.00000000e+000	
1.55904258e-003	1.71144056e-002	1.71144056e-002	0.00000000e+000	
1.56232477e-003	1.71141568e-002	1.71141568e-002	0.00000000e+000	
1.56560697e-003	1.71139080e-002	1.71139080e-002	0.00000000e+000	
1.56888916e-003	1.71136592e-002	1.71136592e-002	0.00000000e+000	
1.57217136e-003	1.71134104e-002	1.71134104e-002	0.00000000e+000	
1.57545355e-003	1.71131616e-002	1.71131616e-002	0.00000000e+000	
1.57873575e-003	1.71129128e-002	1.71129128e-002	0.00000000e+000	
1.58201794e-003	1.71126640e-002	1.71126640e-002	0.00000000e+000	
1.58530014e-003	1.71124152e-002	1.71124152e-002	0.00000000e+000	
1.58858233e-003	1.71121664e-002	1.71121664e-002	0.00000000e+000	
1.59186453e-003	1.71119176e-002	1.71119176e-002	0.00000000e+000	
1.59514672e-003	1.71116689e-002	1.71116689e-002	0.00000000e+000	
1.59842892e-003	1.71114201e-002	1.71114201e-002	0.00000000e+000	
1.60171111e-003	1.71111713e-002	1.71111713e-002	0.00000000e+000	
1.60499331e-003	1.71109225e-002	1.71109225e-002	0.00000000e+000	
1.60827550e-003	1.71106737e-002	1.71106737e-002	0.00000000e+000	
1.61155770e-003	1.71104249e-002	1.71104249e-002	0.00000000e+000	
1.61483989e-003	1.71101761e-002	1.71101761e-002	0.00000000e+000	
1.61812209e-003	1.71099273e-002	1.71099273e-002	0.00000000e+000	
1.62140428e-003	1.71096785e-002	1.71096785e-002	0.00000000e+000	
1.62468648e-003	1.71094297e-002	1.71094297e-002	0.00000000e+000	
1.62796867e-003	1.71091809e-002	1.71091809e-002	0.00000000e+000	
1.63125087e-003	1.71089322e-002	1.71089322e-002	0.00000000e+000	
1.63453306e-003	1.71086834e-002	1.71086834e-002	0.00000000e+000	
1.63781526e-003	1.71084346e-002	1.71084346e-002	0.00000000e+000	
1.64109745e-003	1.71081858e-002	1.71081858e-002	0.00000000e+000	
1.64437965e-003	1.71079370e-002	1.71079370e-002	0.00000000e+000	
1.64766184e-003	1.71076882e-002	1.71076882e-002	0.00000000e+000	
1.65094404e-003	1.71074394e-002	1.71074394e-002	0.00000000e+000	
1.65422623e-003	1.71071906e-002	1.71071906e-002	0.00000000e+000	
1.65750843e-003	1.71069418e-002	1.71069418e-002	0.00000000e+000	
1.66079062e-003	1.71066930e-002	1.71066930e-002	0.00000000e+000	
1.66407282e-003	1.71064442e-002	1.71064442e-002	0.00000000e+000	
1.66735501e-003	1.71061955e-002	1.71061955e-002	0.00000000e+000	
1.67063721e-003	1.71059467e-002	1.71059467e-002	0.00000000e+000	
1.67391940e-003	1.71056979e-002	1.71056979e-002	0.00000000e+000	
1.67720160e-003	1.71054491e-002	1.71054491e-002	0.00000000e+000	
1.68048379e-003	1.71052003e-002	1.71052003e-002	0.00000000e+000	
1.68376599e-003	1.71049515e-002	1.71049515e-002	0.00000000e+000	
1.68704818e-003	1.71047027e-002	1.71047027e-002	0.00000000e+000	
1.69033038e-003	1.71044539e-002	1.71044539e-002	0.00000000e+000	
1.69361257e-003	1.71042051e-002	1.71042051e-002	0.00000000e+000	
1.69689477e-003	1.71039563e-002	1.71039563e-002	0.00000000e+000	
1.70017696e-003	1.71037075e-002	1.71037075e-002	0.00000000e+000	
1.70345916e-003	1.71034588e-002	1.71034588e-002	0.00000000e+000	
1.70674135e-003	1.71032100e-002	1.71032100e-002	0.00000000e+000	
1.71002355e-003	1.71029612e-002	1.71029612e-002	0.00000000e+000	
1.71330574e-003	1.71027124e-002	1.71027124e-002	0.00000000e+000	
1.71658794e-003	1.71024636e-002	1.71024636e-002	0.00000000e+000	
1.71987013e-003	1.71022148e-002	1.71022148e-002	0.00000000e+000	
1.72315233e-003	1.71019660e-002	1.71019660e-002	0.00000000e+000	
1.72643452e-003	1.71017172e-002	1.71017172e-002	0.00000000e+000	
1.72971671e-003	1.71014684e-002	1.71014684e-002	0.00000000e+000	
1.73299891e-003	1.71012196e-002	1.71012196e-002	0.00000000e+000	
1.73628110e-003	1.71009708e-002	1.71009708e-002	0.00000000e+000	
1.73956330e-003	1.71007221e-002	1.71007221e-002	0.00000000e+000	
1.74284549e-003	1.71004733e-002	1.71004733e-002	0.00000000e+000	
1.74612769e-003	1.71002245e-002	1.71002245e-002	0.00000000e+000	
1.74940988e-003	1.70999757e-002	1.70999757e-002	0.00000000e+000	
1.75269208e-003	1.70997269e-002	1.70997269e-002	0.00000000e+000	
1.75597427e-003	1.70994781e-002	1.70994781e-002	0.00000000e+000	
1.75925647e-003	1.70992293e-002	1.70992293e-002	0.00000000e+000	
1.76253866e-003	1.70989805e-002	1.70989805e-002	0.00000000e+000	
1.76582086e-003	1.70987317e-002	1.70987317e-002	0.00000000e+000	
1.76910305e-003	1.70984829e-002	1.70984829e-002	0.00000000e+000	
1.77238525e-003	1.70982341e-002	1.70982341e-002	0.00000000e+000	
1.77566744e-003	1.70979854e-002	1.70979854e-002	0.00000000e+000	
1.77894964e-003	1.70977366e-002	1.70977366e-002	0.00000000e+000	
1.78223183e-003	1.70974878e-002	1.70974878e-002	0.00000000e+000	
1.78551403e-003	1.70972390e-002	1.70972390e-002	0.00000000e+000	
1.78879622e-003	1.70969902e-002	1.70969902e-002	0.00000000e+000	
1.79207842e-003	1.70967414e-002	1.70967414e-002	0.00000000e+000	
1.79536061e-003	1.70964926e-002	1.70964926e-002	0.00000000e+000	
1.79864281e-003	1.70962438e-002	1.70962438e-002	0.00000000e+000	
1.80192500e-003	1.70959950e-002	1.70959950e-002	0.00000000e+000	
1.80520720e-003	1.70957462e-002	1.70957462e-002	0.00000000e+000	
1.80848939e-003	1.70954974e-002	1.70954974e-002	0.00000000e+000	
1.81177159e-003	1.70952487e-002	1.70952487e-002	0.00000000e+000	
1.81505378e-003	1.70949999e-002	1.70949999e-002	0.00000000e+000	
1.81833598e-003	1.70947660e-002	1.70947660e-002	0.00000000e+000	
1.82161817e-003	1.70945478e-002	1.70945478e-002	0.00000000e+000	
1.82490037e-003	1.70943296e-002	1.70943296e-002	0.00000000e+000	
1.82818256e-003	1.70941115e-002	1.70941115e-002	0.00000000e+000	
1.83146476e-003	1.70938933e-002	1.70938933e-002	0.00000000e+000	
1.83474695e-003	1.70936752e-002	1.70936752e-002	0.00000000e+000	
1.83802915e-003	1.70934570e-002	1.70934570e-002	0.00000000e+000	
1.84131134e-003	1.70932389e-002	1.70932389e-002	0.00000000e+000	
1.84459354e-003	1.70930207e-002	1.70930207e-002	0.00000000e+000	
1.84787573e-003	1.70928025e-002	1.70928025e-002	0.00000000e+000	
1.85115793e-003	1.70925844e-002	1.70925844e-002	0.00000000e+000	
1.85444012e-003	1.70923662e-002	1.70923662e-002	0.00000000e+000	
1.85772232e-003	1.70921481e-002	1.70921481e-002	0.00000000e+000	
1.86100451e-003	1.70919299e-002	1.70919299e-002	0.00000000e+000	
1.86428671e-003	1.70917118e-002	1.70917118e-002	0.00000000e+000	
1.86756890e-003	1.70914936e-002	1.70914936e-002	0.00000000e+000	
1.87085110e-003	1.70912754e-002	1.70912754e-002	0.00000000e+000	
1.87413329e-003	1.70910573e-002	1.70910573e-002	0.00000000e+000	
1.87741549e-003	1.70908391e-002	1.70908391e-002	0.00000000e+000	
1.88069768e-003	1.70906210e-002	1.70906210e-002	0.00000000e+000	
1.88397988e-003	1.70904028e-002	1.70904028e-002	0.00000000e+000	
1.88726207e-003	1.70901847e-002	1.70901847e-002	0.00000000e+000	
1.89054427e-003	1.70899665e-002	1.70899665e-002	0.00000000e+000	
1.89382646e-003	1.70897242e-002	1.70897242e-002	0.00000000e+000	
1.89710866e-003	1.70894638e-002	1.70894638e-002	0.00000000e+000	
1.90039085e-003	1.70892035e-002	1.70892035e-002	0.00000000e+000	
1.90367304e-003	1.70889431e-002	1.70889431e-002	0.00000000e+000	
1.90695524e-003	1.70886828e-002	1.70886828e-002	0.00000000e+000	
1.91023743e-003	1.70884224e-002	1.70884224e-002	0.00000000e+000	
1.91351963e-003	1.70881621e-002	1.70881621e-002	0.00000000e+000	
1.91680182e-003	1.70879017e-002	1.70879017e-002	0.00000000e+000	
1.92008402e-003	1.70876414e-002	1.70876414e-002	0.00000000e+000	
1.92336621e-003	1.70873811e-002	1.70873811e-002	0.00000000e+000	
1.92664841e-003	1.70871207e-002	1.70871207e-002	0.00000000e+000	
1.92993060e-003	1.70868604e-002	1.70868604e-002	0.00000000e+000	
1.93321280e-003	1.70866000e-002	1.70866000e-002	0.00000000e+000	
1.93649499e-003	1.70863397e-002	1.70863397e-002	0.00000000e+000	
1.93977719e-003	1.70860793e-002	1.70860793e-002	0.00000000e+000	
1.94305938e-003	1.70858190e-002	1.70858190e-002	0.00000000e+000	
1.94634158e-003	1.70855586e-002	1.70855586e-002	0.00000000e+000	
1.94962377e-003	1.70852983e-002	1.70852983e-002	0.00000000e+000	
1.95290597e-003	1.70850379e-002	1.70850379e-002	0.00000000e+000	
1.95618816e-003	1.70847776e-002	1.70847776e-002	0.00000000e+000	
1.95947036e-003	1.70845172e-002	1.70845172e-002	0.00000000e+000	
1.96275255e-003	1.70842569e-002	1.70842569e-002	0.00000000e+000	
1.96603475e-003	1.70839965e-002	1.70839965e-002	0.00000000e+000	
1.96931694e-003	1.70837362e-002	1.70837362e-002	0.00000000e+000	
1.97259914e-003	1.70834758e-002	1.70834758e-002	0.00000000e+000	
1.97588133e-003	1.70832155e-002	1.70832155e-002	0.00000000e+000	
1.97916353e-003	1.70829551e-002	1.70829551e-002	0.00000000e+000	
1.98244572e-003	1.70826948e-002	1.70826948e-002	0.00000000e+000	
1.98572792e-003	1.70824344e-002	1.70824344e-002	0.00000000e+000	
1.98901011e-003	1.70821741e-002	1.70821741e-002	0.00000000e+000	
1.99229231e-003	1.70819137e-002	1.70819137e-002	0.00000000e+000	
1.99557450e-003	1.70816534e-002	1.70816534e-002	0.00000000e+000	
1.99885670e-003	1.70813930e-002	1.70813930e-002	0.00000000e+000	
2.00213889e-003	1.70811327e-002	1.70811327e-002	0.00000000e+000	
2.00542109e-003	1.70808723e-002	1.70808723e-002	0.00000000e+000	
2.00870328e-003	1.70806120e-002	1.70806120e-002	0.00000000e+000	
2.01198548e-003	1.70803516e-002	1.70803516e-002	0.00000000e+000	
2.01526767e-003	1.70800913e-002	1.70800913e-002	0.00000000e+000	
2.01854987e-003	1.70798309e-002	1.70798309e-002	0.00000000e+000	
2.02183206e-003	1.70795706e-002	1.70795706e-002	0.00000000e+000	
2.02511426e-003	1.70793102e-002	1.70793102e-002	0.00000000e+000	
2.02839645e-003	1.70790499e-002	1.70790499e-002	0.00000000e+000	
2.03167865e-003	1.70787895e-002	1.70787895e-002	0.00000000e+000	
2.03496084e-003	1.70785292e-002	1.70785292e-002	0.00000000e+000	
2.03824304e-003	1.70782688e-002	1.70782688e-002	0.00000000e+000	
2.04152523e-003	1.70780085e-002	1.70780085e-002	0.00000000e+000	
2.04480743e-003	1.70777481e-002	1.70777481e-002	0.00000000e+000	
2.04808962e-003	1.70774878e-002	1.70774878e-002	0.00000000e+000	
2.05137182e-003	1.70772274e-002	1.70772274e-002	0.00000000e+000	
2.05465401e-003	1.70769671e-002	1.70769671e-002	0.00000000e+000	
2.05793621e-003	1.70767067e-002	1.70767067e-002	0.00000000e+000	
2.06121840e-003	1.70764464e-002	1.70764464e-002	0.00000000e+000	
2.06450060e-003	1.70761860e-002	1.70761860e-002	0.00000000e+000	
2.06778279e-003	1.70759257e-002	1.70759257e-002	0.00000000e+000	
2.07106499e-003	1.70756653e-002	1.70756653e-002	0.00000000e+000	
2.07434718e-003	1.70754050e-002	1.70754050e-002	0.00000000e+000	
2.07762937e-003	1.70751446e-002	1.70751446e-002	0.00000000e+000	
2.08091157e-003	1.70748843e-002	1.70748843e-002	0.00000000e+000	
2.08419376e-003	1.70746239e-002	1.70746239e-002	0.00000000e+000	
2.08747596e-003	1.70743636e-002	1.70743636e-002	0.00000000e+000	
2.09075815e-003	1.70741032e-002	1.70741032e-002	0.00000000e+000	
2.09404035e-003	1.70738429e-002	1.70738429e-002	0.00000000e+000	
2.09732254e-003	1.70735825e-002	1.70735825e-002	0.00000000e+000	
2.10060474e-003	1.70733222e-002	1.70733222e-002	0.00000000e+000	
2.10388693e-003	1.70730618e-002	1.70730618e-002	0.00000000e+000	
2.10716913e-003	1.70728015e-002	1.70728015e-002	0.00000000e+000	
2.11045132e-003	1.70725411e-002	1.70725411e-002	0.00000000e+000	
2.11373352e-003	1.70722808e-002	1.70722808e-002	0.00000000e+000	
2.11701571e-003	1.70720204e-002	1.70720204e-002	0.00000000e+000	
2.12029791e-003	1.70717601e-002	1.70717601e-002	0.00000000e+000	
2.12358010e-003	1.70714997e-002	1.70714997e-002	0.00000000e+000	
2.12686230e-003	1.70712394e-002	1.70712394e-002	0.00000000e+000	
2.13014449e-003	1.70709790e-002	1.70709790e-002	0.00000000e+000	
2.13342669e-003	1.70707187e-002	1.70707187e-002	0.00000000e+000	
2.13670888e-003	1.70704583e-002	1.70704583e-002	0.00000000e+000	
2.13999108e-003	1.70701980e-002	1.70701980e-002	0.00000000e+000	
2.14327327e-003	1.70699376e-002	1.70699376e-002	0.00000000e+000	
2.14655547e-003	1.70696773e-002	1.70696773e-002	0.00000000e+000	
2.14983766e-003	1.70694169e-002	1.70694169e-002	0.00000000e+000	
2.15311986e-003	1.70691566e-002	1.70691566e-002	0.00000000e+000	
2.15640205e-003	1.70688962e-002	1.70688962e-002	0.00000000e+000	
2.15968425e-003	1.70686359e-002	1.70686359e-002	0.00000000e+000	
2.16296644e-003	1.70683755e-002	1.70683755e-002	0.00000000e+000	
2.16624864e-003	1.70681152e-002	1.70681152e-002	0.00000000e+000	
2.16953083e-003	1.70678548e-002	1.70678548e-002	0.00000000e+000	
2.17281303e-003	1.70675945e-002	1.70675945e-002	0.00000000e+000	
2.17609522e-003	1.70673341e-002	1.70673341e-002	0.00000000e+000	
2.17937742e-003	1.70670738e-002	1.70670738e-002	0.00000000e+000	
2.18265961e-003	1.70668134e-002	1.70668134e-002	0.00000000e+000	
2.18594181e-003	1.70665531e-002	1.70665531e-002	0.00000000e+000	
2.18922400e-003	1.70662927e-002	1.70662927e-002	0.00000000e+000	
2.19250620e-003	1.70660324e-002	1.70660324e-002	0.00000000e+000	
2.19578839e-003	1.70657720e-002	1.70657720e-002	0.00000000e+000	
2.19907059e-003	1.70655117e-002	1.70655117e-002	0.00000000e+000	
2.20235278e-003	1.70652513e-002	1.70652513e-002	0.00000000e+000	
2.20563498e-003	1.70649910e-002	1.70649910e-002	0.00000000e+000	
2.20891717e-003	1.70647307e-002	1.70647307e-002	0.00000000e+000	
2.21219937e-003	1.70644703e-002	1.70644703e-002	0.00000000e+000	
2.21548156e-003	1.70642100e-002	1.70642100e-002	0.00000000e+000	
2.21876376e-003	1.70639496e-002	1.70639496e-002	0.00000000e+000	
2.22204595e-003	1.70636893e-002	1.70636893e-002	0.00000000e+000	
2.22532815e-003	1.70634289e-002	1.70634289e-002	0.00000000e+000	
2.22861034e-003	1.70631686e-002	1.70631686e-002	0.00000000e+000	
2.23189254e-003	1.70629082e-002	1.70629082e-002	0.00000000e+000	
2.23517473e-003	1.70626479e-002	1.70626479e-002	0.00000000e+000	
2.23845693e-003	1.70623875e-002	1.70623875e-002	0.00000000e+000	
2.24173912e-003	1.70621272e-002	1.70621272e-002	0.00000000e+000	
2.24502132e-003	1.70618668e-002	1.70618668e-002	0.00000000e+000	
2.24830351e-003	1.70616065e-002	1.70616065e-002	0.00000000e+000	
2.25158570e-003	1.70613461e-002	1.70613461e-002	0.00000000e+000	
2.25486790e-003	1.70610858e-002	1.70610858e-002	0.00000000e+000	
2.25815009e-003	1.70608254e-002	1.70608254e-002	0.00000000e+000	
2.26143229e-003	1.70605651e-002	1.70605651e-002	0.00000000e+000	
2.26471448e-003	1.70603047e-002	1.70603047e-002	0.00000000e+000	
2.26799668e-003	1.70600444e-002	1.70600444e-002	0.00000000e+000	
2.27127887e-003	1.70597840e-002	1.70597840e-002	0.00000000e+000	
2.27456107e-003	1.70595237e-002	1.70595237e-002	0.00000000e+000	
2.27784326e-003	1.70592633e-002	1.70592633e-002	0.00000000e+000	
2.28112546e-003	1.70590030e-002	1.70590030e-002	0.00000000e+000	
2.28440765e-003	1.70587426e-002	1.70587426e-002	0.00000000e+000	
2.28768985e-003	1.70584823e-002	1.70584823e-002	0.00000000e+000	
2.29097204e-003	1.70582219e-002	1.70582219e-002	0.00000000e+000	
2.29425424e-003	1.70579616e-002	1.70579616e-002	0.00000000e+000	
2.29753643e-003	1.70577012e-002	1.70577012e-002	0.00000000e+000	
2.30081863e-003	1.70574409e-002	1.70574409e-002	0.00000000e+000	
2.30410082e-003	1.70571805e-002	1.70571805e-002	0.00000000e+000	
2.30738302e-003	1.70569202e-002	1.70569202e-002	0.00000000e+000	
2.31066521e-003	1.70566598e-002	1.70566598e-002	0.00000000e+000	
2.31394741e-003	1.70563995e-002	1.70563995e-002	0.00000000e+000	
2.31722960e-003	1.70561391e-002	1.70561391e-002	0.00000000e+000	
2.32051180e-003	1.70558788e-002	1.70558788e-002	0.00000000e+000	
2.32379399e-003	1.70556184e-002	1.70556184e-002	0.00000000e+000	
2.32707619e-003	1.70553581e-002	1.70553581e-002	0.00000000e+000	
2.33035838e-003	1.70550977e-002	1.70550977e-002	0.00000000e+000	
2.33364058e-003	1.70548374e-002	1.70548374e-002	0.00000000e+000	
2.33692277e-003	1.70545770e-002	1.70545770e-002	0.00000000e+000	
2.34020497e-003	1.70543167e-002	1.70543167e-002	0.00000000e+000	
2.34348716e-003	1.70540563e-002	1.70540563e-002	0.00000000e+000	
2.34676936e-003	1.70537960e-002	1.70537960e-002	0.00000000e+000	
2.35005155e-003	1.70535356e-002	1.70535356e-002	0.00000000e+000	
2.35333375e-003	1.70532753e-002	1.70532753e-002	0.00000000e+000	
2.35661594e-003	1.70530149e-002	1.70530149e-002	0.00000000e+000	
2.35989814e-003	1.70527546e-002	1.70527546e-002	0.00000000e+000	
2.36318033e-003	1.70524942e-002	1.70524942e-002	0.00000000e+000	
2.36646253e-003	1.70522339e-002	1.70522339e-002	0.00000000e+000	
2.36974472e-003	1.70519735e-002	1.70519735e-002	0.00000000e+000	
2.37302692e-003	1.70517132e-002	1.70517132e-002	0.00000000e+000	
2.37630911e-003	1.70514528e-002	1.70514528e-002	0.00000000e+000	
2.37959131e-003	1.70511925e-002	1.70511925e-002	0.00000000e+000	
2.38287350e-003	1.70509321e-002	1.70509321e-002	0.00000000e+000	
2.38615570e-003	1.70506718e-002	1.70506718e-002	0.00000000e+000	
2.38943789e-003	1.70504114e-002	1.70504114e-002	0.00000000e+000	
2.39272009e-003	1.70501511e-002	1.70501511e-002	0.00000000e+000	
2.39600228e-003	1.70498907e-002	1.70498907e-002	0.00000000e+000	
2.39928448e-003	1.70496304e-002	1.70496304e-002	0.00000000e+000	
2.40256667e-003	1.70493700e-002	1.70493700e-002	0.00000000e+000	
2.40584887e-003	1.70491097e-002	1.70491097e-002	0.00000000e+000	
2.40913106e-003	1.70488493e-002	1.70488493e-002	0.00000000e+000	
2.41241326e-003	1.70485890e-002	1.70485890e-002	0.00000000e+000	
2.41569545e-003	1.70483286e-002	1.70483286e-002	0.00000000e+000	
2.41897764e-003	1.70480683e-002	1.70480683e-002	0.00000000e+000	
2.42225984e-003	1.70478079e-002	1.70478079e-002	0.00000000e+000	
2.42554203e-003	1.70475476e-002	1.70475476e-002	0.00000000e+000	
2.42882423e-003	1.70472872e-002	1.70472872e-002	0.00000000e+000	
2.43210642e-003	1.70470269e-002	1.70470269e-002	0.00000000e+000	
2.43538862e-003	1.70467665e-002	1.70467665e-002	0.00000000e+000	
2.43867081e-003	1.70465062e-002	1.70465062e-002	0.00000000e+000	
2.44195301e-003	1.70462043e-002	1.70462043e-002	0.00000000e+000	
2.44523520e-003	1.70459007e-002	1.70459007e-002	0.00000000e+000	
2.44851740e-003	1.70455971e-002	1.70455971e-002	0.00000000e+000	
2.45179959e-003	1.70452935e-002	1.70452935e-002	0.00000000e+000	
2.45508179e-003	1.70449899e-002	1.70449899e-002	0.00000000e+000	
2.45836398e-003	1.70446863e-002	1.70446863e-002	0.00000000e+000	
2.46164618e-003	1.70443827e-002	1.70443827e-002	0.00000000e+000	
2.46492837e-003	1.70440791e-002	1.70440791e-002	0.00000000e+000	
2.46821057e-003	1.70437755e-002	1.70437755e-002	0.00000000e+000	
2.47149276e-003	1.70434719e-002	1.70434719e-002	0.00000000e+000	
2.47477496e-003	1.70431683e-002	1.70431683e-002	0.00000000e+000	
2.47805715e-003	1.70428647e-002	1.70428647e-002	0.00000000e+000	
2.48133935e-003	1.70425611e-002	1.70425611e-002	0.00000000e+000	
2.48462154e-003	1.70422574e-002	1.70422574e-002	0.00000000e+000	
2.48790374e-003	1.70419538e-002	1.70419538e-002	0.00000000e+000	
2.49118593e-003	1.70416502e-002	1.70416502e-002	0.00000000e+000	
2.49446813e-003	1.70413466e-002	1.70413466e-002	0.00000000e+000	
2.49775032e-003	1.70410430e-002	1.70410430e-002	0.00000000e+000	
2.50103252e-003	1.70407394e-002	1.70407394e-002	0.00000000e+000	
2.50431471e-003	1.70404358e-002	1.70404358e-002	0.00000000e+000	
2.50759691e-003	1.70401322e-002	1.70401322e-002	0.00000000e+000	
2.51087910e-003	1.70398286e-002	1.70398286e-002	0.00000000e+000	
2.51416130e-003	1.70395250e-002	1.70395250e-002	0.00000000e+000	
2.51744349e-003	1.70392214e-002	1.70392214e-002	0.00000000e+000	
2.52072569e-003	1.70389178e-002	1.70389178e-002	0.00000000e+000	
2.52400788e-003	1.70386099e-002	1.70386099e-002	0.00000000e+000	
2.52729008e-003	1.70382946e-002	1.70382946e-002	0.00000000e+000	
2.53057227e-003	1.70379792e-002	1.70379792e-002	0.00000000e+000	
2.53385447e-003	1.70376639e-002	1.70376639e-002	0.00000000e+000	
2.53713666e-003	1.70373485e-002	1.70373485e-002	0.00000000e+000	
2.54041886e-003	1.70370331e-002	1.70370331e-002	0.00000000e+000	
2.54370105e-003	1.70367178e-002	1.70367178e-002	0.00000000e+000	
2.54698325e-003	1.70364024e-002	1.70364024e-002	0.00000000e+000	
2.55026544e-003	1.70360870e-002	1.70360870e-002	0.00000000e+000	
2.55354764e-003	1.70357717e-002	1.70357717e-002	0.00000000e+000	
2.55682983e-003	1.70354563e-002	1.70354563e-002	0.00000000e+000	
2.56011203e-003	1.70351409e-002	1.70351409e-002	0.00000000e+000	
2.56339422e-003	1.70348256e-002	1.70348256e-002	0.00000000e+000	
2.56667642e-003	1.70345102e-002	1.70345102e-002	0.00000000e+000	
2.56995861e-003	1.70341948e-002	1.70341948e-002	0.00000000e+000	
2.57324081e-003	1.70338795e-002	1.70338795e-002	0.00000000e+000	
2.57652300e-003	1.70335641e-002	1.70335641e-002	0.00000000e+000	
2.57980520e-003	1.70332487e-002	1.70332487e-002	0.00000000e+000	
2.58308739e-003	1.70329334e-002	1.70329334e-002	0.00000000e+000	
2.58636959e-003	1.70326180e-002	1.70326180e-002	0.00000000e+000	
2.58965178e-003	1.70323027e-002	1.70323027e-002	0.00000000e+000	
2.59293397e-003	1.70319873e-002	1.70319873e-002	0.00000000e+000	
2.59621617e-003	1.70316719e-002	1.70316719e-002	0.00000000e+000	
2.59949836e-003	1.70313566e-002	1.70313566e-002	0.00000000e+000	
2.60278056e-003	1.70310412e-002	1.70310412e-002	0.00000000e+000	
2.60606275e-003	1.70307258e-002	1.70307258e-002	0.00000000e+000	
2.60934495e-003	1.70304105e-002	1.70304105e-002	0.00000000e+000	
2.61262714e-003	1.70300951e-002	1.70300951e-002	0.00000000e+000	
2.61590934e-003	1.70297797e-002	1.70297797e-002	0.00000000e+000	
2.61919153e-003	1.70294644e-002	1.70294644e-002	0.00000000e+000	
2.62247373e-003	1.70291490e-002	1.70291490e-002	0.00000000e+000	
2.62575592e-003	1.70288336e-002	1.70288336e-002	0.00000000e+000	
2.62903812e-003	1.70285183e-002	1.70285183e-002	0.00000000e+000	
2.63232031e-003	1.70282029e-002	1.70282029e-002	0.00000000e+000	
2.63560251e-003	1.70278875e-002	1.70278875e-002	0.00000000e+000	
2.63888470e-003	1.70275722e-002	1.70275722e-002	0.00000000e+000	
2.64216690e-003	1.70272568e-002	1.70272568e-002	0.00000000e+000	
2.64544909e-003	1.70269415e-002	1.70269415e-002	0.00000000e+000	
2.64873129e-003	1.70266261e-002	1.70266261e-002	0.00000000e+000	
2.65201348e-003	1.70263107e-002	1.70263107e-002	0.00000000e+000	
2.65529568e-003	1.70259954e-002	1.70259954e-002	0.00000000e+000	
2.65857787e-003	1.70256800e-002	1.70256800e-002	0.00000000e+000	
2.66186007e-003	1.70253646e-002	1.70253646e-002	0.00000000e+000	
2.66514226e-003	1.70250493e-002	1.70250493e-002	0.00000000e+000	
2.66842446e-003	1.70247339e-002	1.70247339e-002	0.00000000e+000	
2.67170665e-003	1.70244185e-002	1.70244185e-002	0.00000000e+000	
2.67498885e-003	1.70241032e-002	1.70241032e-002	0.00000000e+000	
2.67827104e-003	1.70237878e-002	1.70237878e-002	0.00000000e+000	
2.68155324e-003	1.70234724e-002	1.70234724e-002	0.00000000e+000	
2.68483543e-003	1.70231571e-002	1.70231571e-002	0.00000000e+000	
2.68811763e-003	1.70228417e-002	1.70228417e-002	0.00000000e+000	
2.69139982e-003	1.70225263e-002	1.70225263e-002	0.00000000e+000	
2.69468202e-003	1.70222110e-002	1.70222110e-002	0.00000000e+000	
2.69796421e-003	1.70218956e-002	1.70218956e-002	0.00000000e+000	
2.70124641e-003	1.70215803e-002	1.70215803e-002	0.00000000e+000	
2.70452860e-003	1.70212649e-002	1.70212649e-002	0.00000000e+000	
2.70781080e-003	1.70209495e-002	1.70209495e-002	0.00000000e+000	
2.71109299e-003	1.70206342e-002	1.70206342e-002	0.00000000e+000	
2.71437519e-003	1.70203188e-002	1.70203188e-002	0.00000000e+000	
2.71765738e-003	1.70200034e-002	1.70200034e-002	0.00000000e+000	
2.72093958e-003	1.70196881e-002	1.70196881e-002	0.00000000e+000	
2.72422177e-003	1.70193727e-002	1.70193727e-002	0.00000000e+000	
2.72750397e-003	1.70190573e-002	1.70190573e-002	0.00000000e+000	
2.73078616e-003	1.70187420e-002	1.70187420e-002	0.00000000e+000	
2.73406836e-003	1.70184266e-002	1.70184266e-002	0.00000000e+000	
2.73735055e-003	1.70181112e-002	1.70181112e-002	0.00000000e+000	
2.74063275e-003	1.70177959e-002	1.70177959e-002	0.00000000e+000	
2.74391494e-003	1.70174805e-002	1.70174805e-002	0.00000000e+000	
2.74719714e-003	1.70171652e-002	1.70171652e-002	0.00000000e+000	
2.75047933e-003	1.70168498e-002	1.70168498e-002	0.00000000e+000	
2.75376153e-003	1.70165344e-002	1.70165344e-002	0.00000000e+000	
2.75704372e-003	1.70162191e-002	1.70162191e-002	0.00000000e+000	
2.76032592e-003	1.70159037e-002	1.70159037e-002	0.00000000e+000	
2.76360811e-003	1.70155883e-002	1.70155883e-002	0.00000000e+000	
2.76689030e-003	1.70152730e-002	1.70152730e-002	0.00000000e+000	
2.77017250e-003	1.70149576e-002	1.70149576e-002	0.00000000e+000	
2.77345469e-003	1.70146422e-002	1.70146422e-002	0.00000000e+000	
2.77673689e-003	1.70143269e-002	1.70143269e-002	0.00000000e+000	
2.78001908e-003	1.70140115e-002	1.70140115e-002	0.00000000e+000	
2.78330128e-003	1.70136961e-002	1.70136961e-002	0.00000000e+000	
2.78658347e-003	1.70133808e-002	1.70133808e-002	0.00000000e+000	
2.78986567e-003	1.70130654e-002	1.70130654e-002	0.00000000e+000	
2.79314786e-003	1.70127500e-002	1.70127500e-002	0.00000000e+000	
2.79643006e-003	1.70124347e-002	1.70124347e-002	0.00000000e+000	
2.79971225e-003	1.70121193e-002	1.70121193e-002	0.00000000e+000	
2.80299445e-003	1.70118040e-002	1.70118040e-002	0.00000000e+000	
2.80627664e-003	1.70114886e-002	1.70114886e-002	0.00000000e+000	
2.80955884e-003	1.70111732e-002	1.70111732e-002	0.00000000e+000	
2.81284103e-003	1.70108579e-002	1.70108579e-002	0.00000000e+000	
2.81612323e-003	1.70105425e-002	1.70105425e-002	0.00000000e+000	
2.81940542e-003	1.70102271e-002	1.70102271e-002	0.00000000e+000	
2.82268762e-003	1.70099118e-002	1.70099118e-002	0.00000000e+000	
2.82596981e-003	1.70095964e-002	1.70095964e-002	0.00000000e+000	
2.82925201e-003	1.70092810e-002	1.70092810e-002	0.00000000e+000	
2.83253420e-003	1.70089657e-002	1.70089657e-002	0.00000000e+000	
2.83581640e-003	1.70086503e-002	1.70086503e-002	0.00000000e+000	
2.83909859e-003	1.70083349e-002	1.70083349e-002	0.00000000e+000	
2.84238079e-003	1.70080196e-002	1.70080196e-002	0.00000000e+000	
2.84566298e-003	1.70077042e-002	1.70077042e-002	0.00000000e+000	
2.84894518e-003	1.70073888e-002	1.70073888e-002	0.00000000e+000	
2.85222737e-003	1.70070735e-002	1.70070735e-002	0.00000000e+000	
2.85550957e-003	1.70067581e-002	1.70067581e-002	0.00000000e+000	
2.85879176e-003	1.70064428e-002	1.70064428e-002	0.00000000e+000	
2.86207396e-003	1.70061274e-002	1.70061274e-002	0.00000000e+000	
2.86535615e-003	1.70058120e-002	1.70058120e-002	0.00000000e+000	
2.86863835e-003	1.70054967e-002	1.70054967e-002	0.00000000e+000	
2.87192054e-003	1.70051813e-002	1.70051813e-002	0.00000000e+000	
2.87520274e-003	1.70048659e-002	1.70048659e-002	0.00000000e+000	
2.87848493e-003	1.70045506e-002	1.70045506e-002	0.00000000e+000	
2.88176713e-003	1.70042352e-002	1.70042352e-002	0.00000000e+000	
2.88504932e-003	1.70039198e-002	1.70039198e-002	0.00000000e+000	
2.88833152e-003	1.70036045e-002	1.70036045e-002	0.00000000e+000	
2.89161371e-003	1.70032891e-002	1.70032891e-002	0.00000000e+000	
2.89489591e-003	1.70029737e-002	1.70029737e-002	0.00000000e+000	
2.89817810e-003	1.70026584e-002	1.70026584e-002	0.00000000e+000	
2.90146030e-003	1.70023430e-002	1.70023430e-002	0.00000000e+000	
2.90474249e-003	1.70020276e-002	1.70020276e-002	0.00000000e+000	
2.90802469e-003	1.70017123e-002	1.70017123e-002	0.00000000e+000	
2.91130688e-003	1.70013969e-002	1.70013969e-002	0.00000000e+000	
2.91458908e-003	1.70010816e-002	1.70010816e-002	0.00000000e+000	
2.91787127e-003	1.70007662e-002	1.70007662e-002	0.00000000e+000	
2.92115347e-003	1.70004508e-002	1.70004508e-002	0.00000000e+000	
2.92443566e-003	1.70001355e-002	1.70001355e-002	0.00000000e+000	
2.92771786e-003	1.69998201e-002	1.69998201e-002	0.00000000e+000	
2.93100005e-003	1.69995047e-002	1.69995047e-002	0.00000000e+000	
2.93428225e-003	1.69991894e-002	1.69991894e-002	0.00000000e+000	
2.93756444e-003	1.69988740e-002	1.69988740e-002	0.00000000e+000	
2.94084663e-003	1.69985586e-002	1.69985586e-002	0.00000000e+000	
2.94412883e-003	1.69982433e-002	1.69982433e-002	0.00000000e+000	
2.94741102e-003	1.69979279e-002	1.69979279e-002	0.00000000e+000	
2.95069322e-003	1.69976125e-002	1.69976125e-002	0.00000000e+000	
2.95397541e-003	1.69972972e-002	1.69972972e-002	0.00000000e+000	
2.95725761e-003	1.69969818e-002	1.69969818e-002	0.00000000e+000	
2.96053980e-003	1.69966664e-002	1.69966664e-002	0.00000000e+000	
2.96382200e-003	1.69963511e-002	1.69963511e-002	0.00000000e+000	
2.96710419e-003	1.69960357e-002	1.69960357e-002	0.00000000e+000	
2.97038639e-003	1.69957204e-002	1.69957204e-002	0.00000000e+000	
2.97366858e-003	1.69954050e-002	1.69954050e-002	0.00000000e+000	
2.97695078e-003	1.69950896e-002	1.69950896e-002	0.00000000e+000	
2.98023297e-003	1.69947743e-002	1.69947743e-002	0.00000000e+000	
2.98351517e-003	1.69944589e-002	1.69944589e-002	0.00000000e+000	
2.98679736e-003	1.69941435e-002	1.69941435e-002	0.00000000e+000	
2.99007956e-003	1.69938282e-002	1.69938282e-002	0.00000000e+000	
2.99336175e-003	1.69935128e-002	1.69935128e-002	0.00000000e+000	
2.99664395e-003	1.69931974e-002	1.69931974e-002	0.00000000e+000	
2.99992614e-003	1.69928821e-002	1.69928821e-002	0.00000000e+000	
3.00320834e-003	1.69925667e-002	1.69925667e-002	0.00000000e+000	
3.00649053e-003	1.69922513e-002	1.69922513e-002	0.00000000e+000	
3.00977273e-003	1.69919360e-002	1.69919360e-002	0.00000000e+000	
3.01305492e-003	1.69916206e-002	1.69916206e-002	0.00000000e+000	
3.01633712e-003	1.69913052e-002	1.69913052e-002	0.00000000e+000	
3.01961931e-003	1.69909899e-002	1.69909899e-002	0.00000000e+000	
3.02290151e-003	1.69906745e-002	1.69906745e-002	0.00000000e+000	
3.02618370e-003	1.69903592e-002	1.69903592e-002	0.00000000e+000	
3.02946590e-003	1.69900368e-002	1.69900368e-002	0.00000000e+000	
3.03274809e-003	1.69897053e-002	1.69897053e-002	0.00000000e+000	
3.03603029e-003	1.69893738e-002	1.69893738e-002	0.00000000e+000	
3.03931248e-003	1.69890423e-002	1.69890423e-002	0.00000000e+000	
3.04259468e-003	1.69887108e-002	1.69887108e-002	0.00000000e+000	
3.04587687e-003	1.69883792e-002	1.69883792e-002	0.00000000e+000	
3.04915907e-003	1.69880477e-002	1.69880477e-002	0.00000000e+000	
3.05244126e-003	1.69877162e-002	1.69877162e-002	0.00000000e+000	
3.05572346e-003	1.69873847e-002	1.69873847e-002	0.00000000e+000	
3.05900565e-003	1.69870532e-002	1.69870532e-002	0.00000000e+000	
3.06228785e-003	1.69867217e-002	1.69867217e-002	0.00000000e+000	
3.06557004e-003	1.69863902e-002	1.69863902e-002	0.00000000e+000	
3.06885224e-003	1.69860587e-002	1.69860587e-002	0.00000000e+000	
3.07213443e-003	1.69857272e-002	1.69857272e-002	0.00000000e+000	
3.07541663e-003	1.69853957e-002	1.69853957e-002	0.00000000e+000	
3.07869882e-003	1.69850642e-002	1.69850642e-002	0.00000000e+000	
3.08198102e-003	1.69847327e-002	1.69847327e-002	0.00000000e+000	
3.08526321e-003	1.69844012e-002	1.69844012e-002	0.00000000e+000	
3.08854541e-003	1.69840697e-002	1.69840697e-002	0.00000000e+000	
3.09182760e-003	1.69837382e-002	1.69837382e-002	0.00000000e+000	
3.09510980e-003	1.69833876e-002	1.69833876e-002	0.00000000e+000	
3.09839199e-003	1.69829872e-002	1.69829872e-002	0.00000000e+000	
3.10167419e-003	1.69825868e-002	1.69825868e-002	0.00000000e+000	
3.10495638e-003	1.69821864e-002	1.69821864e-002	0.00000000e+000	
3.10823858e-003	1.69817860e-002	1.69817860e-002	0.00000000e+000	
3.11152077e-003	1.69813856e-002	1.69813856e-002	0.00000000e+000	
3.11480296e-003	1.69809853e-002	1.69809853e-002	0.00000000e+000	
3.11808516e-003	1.69805849e-002	1.69805849e-002	0.00000000e+000	
3.12136735e-003	1.69801845e-002	1.69801845e-002	0.00000000e+000	
3.12464955e-003	1.69797841e-002	1.69797841e-002	0.00000000e+000	
3.12793174e-003	1.69793837e-002	1.69793837e-002	0.00000000e+000	
3.13121394e-003	1.69789833e-002	1.69789833e-002	0.00000000e+000	
3.13449613e-003	1.69785829e-002	1.69785829e-002	0.00000000e+000	
3.13777833e-003	1.69781825e-002	1.69781825e-002	0.00000000e+000	
3.14106052e-003	1.69777821e-002	1.69777821e-002	0.00000000e+000	
3.14434272e-003	1.69773818e-002	1.69773818e-002	0.00000000e+000	
3.14762491e-003	1.69769814e-002	1.69769814e-002	0.00000000e+000	
3.15090711e-003	1.69765810e-002	1.69765810e-002	0.00000000e+000	
3.15418930e-003	1.69761806e-002	1.69761806e-002	0.00000000e+000	
3.15747150e-003	1.69757802e-002	1.69757802e-002	0.00000000e+000	
3.16075369e-003	1.69753798e-002	1.69753798e-002	0.00000000e+000	
3.16403589e-003	1.69749794e-002	1.69749794e-002	0.00000000e+000	
3.16731808e-003	1.69745790e-002	1.69745790e-002	0.00000000e+000	
3.17060028e-003	1.69741787e-002	1.69741787e-002	0.00000000e+000	
3.17388247e-003	1.69737783e-002	1.69737783e-002	0.00000000e+000	
3.17716467e-003	1.69733779e-002	1.69733779e-002	0.00000000e+000	
3.18044686e-003	1.69729775e-002	1.69729775e-002	0.00000000e+000	
3.18372906e-003	1.69725771e-002	1.69725771e-002	0.00000000e+000	
3.18701125e-003	1.69721767e-002	1.69721767e-002	0.00000000e+000	
3.19029345e-003	1.69717763e-002	1.69717763e-002	0.00000000e+000	
3.19357564e-003	1.69713759e-002	1.69713759e-002	0.00000000e+000	
3.19685784e-003	1.69709755e-002	1.69709755e-002	0.00000000e+000	
3.20014003e-003	1.69705752e-002	1.69705752e-002	0.00000000e+000	
3.20342223e-003	1.69701748e-002	1.69701748e-002	0.00000000e+000	
3.20670442e-003	1.69697744e-002	1.69697744e-002	0.00000000e+000	
3.20998662e-003	1.69693740e-002	1.69693740e-002	0.00000000e+000	
3.21326881e-003	1.69689736e-002	1.69689736e-002	0.00000000e+000	
3.21655101e-003	1.69685732e-002	1.69685732e-002	0.00000000e+000	
3.21983320e-003	1.69681728e-002	1.69681728e-002	0.00000000e+000	
3.22311540e-003	1.69677724e-002	1.69677724e-002	0.00000000e+000	
3.22639759e-003	1.69673720e-002	1.69673720e-002	0.00000000e+000	
3.22967979e-003	1.69669717e-002	1.69669717e-002	0.00000000e+000	
3.23296198e-003	1.69665713e-002	1.69665713e-002	0.00000000e+000	
3.23624418e-003	1.69661709e-002	1.69661709e-002	0.00000000e+000	
3.23952637e-003	1.69657705e-002	1.69657705e-002	0.00000000e+000	
3.24280857e-003	1.69653701e-002	1.69653701e-002	0.00000000e+000	
3.24609076e-003	1.69649697e-002	1.69649697e-002	0.00000000e+000	
3.24937296e-003	1.69645693e-002	1.69645693e-002	0.00000000e+000	
3.25265515e-003	1.69641689e-002	1.69641689e-002	0.00000000e+000	
3.25593735e-003	1.69637686e-002	1.69637686e-002	0.00000000e+000	
3.25921954e-003	1.69633682e-002	1.69633682e-002	0.00000000e+000	
3.26250174e-003	1.69629678e-002	1.69629678e-002	0.00000000e+000	
3.26578393e-003	1.69625674e-002	1.69625674e-002	0.00000000e+000	
3.26906613e-003	1.69621670e-002	1.69621670e-002	0.00000000e+000	
3.27234832e-003	1.69617666e-002	1.69617666e-002	0.00000000e+000	
3.27563052e-003	1.69613662e-002	1.69613662e-002	0.00000000e+000	
3.27891271e-003	1.69609658e-002	1.69609658e-002	0.00000000e+000	
3.28219490e-003	1.69605654e-002	1.69605654e-002	0.00000000e+000	
3.28547710e-003	1.69601651e-002	1.69601651e-002	0.00000000e+000	
3.28875929e-003	1.69597647e-002	1.69597647e-002	0.00000000e+000	
3.29204149e-003	1.69593643e-002	1.69593643e-002	0.00000000e+000	
3.29532368e-003	1.69589639e-002	1.69589639e-002	0.00000000e+000	
3.29860588e-003	1.69585635e-002	1.69585635e-002	0.00000000e+000	
3.30188807e-003	1.69581631e-002	1.69581631e-002	0.00000000e+000	
3.30517027e-003	1.69577627e-002	1.69577627e-002	0.00000000e+000	
3.30845246e-003	1.69573623e-002	1.69573623e-002	0.00000000e+000	
3.31173466e-003	1.69569619e-002	1.69569619e-002	0.00000000e+000	
3.31501685e-003	1.69565616e-002	1.69565616e-002	0.00000000e+000	
3.31829905e-003	1.69561612e-002	1.69561612e-002	0.00000000e+000	
3.32158124e-003	1.69557608e-002	1.69557608e-002	0.00000000e+000	
3.32486344e-003	1.69553604e-002	1.69553604e-002	0.00000000e+000	
3.32814563e-003	1.69549600e-002	1.69549600e-002	0.00000000e+000	
3.33142783e-003	1.69545596e-002	1.69545596e-002	0.00000000e+000	
3.33471002e-003	1.69541592e-002	1.69541592e-002	0.00000000e+000	
3.33799222e-003	1.69537588e-002	1.69537588e-002	0.00000000e+000	
3.34127441e-003	1.69533585e-002	1.69533585e-002	0.00000000e+000	
3.34455661e-003	1.69529581e-002	1.69529581e-002	0.00000000e+000	
3.34783880e-003	1.69525577e-002	1.69525577e-002	0.00000000e+000	
3.35112100e-003	1.69521573e-002	1.69521573e-002	0.00000000e+000	
3.35440319e-003	1.69517569e-002	1.69517569e-002	0.00000000e+000	
3.35768539e-003	1.69513565e-002	1.69513565e-002	0.00000000e+000	
3.36096758e-003	1.69509561e-002	1.69509561e-002	0.00000000e+000	
3.36424978e-003	1.69505557e-002	1.69505557e-002	0.00000000e+000	
3.36753197e-003	1.69501553e-002	1.69501553e-002	0.00000000e+000	
3.37081417e-003	1.69497550e-002	1.69497550e-002	0.00000000e+000	
3.37409636e-003	1.69493546e-002	1.69493546e-002	0.00000000e+000	
3.37737856e-003	1.69489542e-002	1.69489542e-002	0.00000000e+000	
3.38066075e-003	1.69485538e-002	1.69485538e-002	0.00000000e+000	
3.38394295e-003	1.69481534e-002	1.69481534e-002	0.00000000e+000	
3.38722514e-003	1.69477530e-002	1.69477530e-002	0.00000000e+000	
3.39050734e-003	1.69473526e-002	1.69473526e-002	0.00000000e+000	
3.39378953e-003	1.69469522e-002	1.69469522e-002	0.00000000e+000	
3.39707173e-003	1.69465518e-002	1.69465518e-002	0.00000000e+000	
3.40035392e-003	1.69461515e-002	1.69461515e-002	0.00000000e+000	
3.40363612e-003	1.69457511e-002	1.69457511e-002	0.00000000e+000	
3.40691831e-003	1.69453507e-002	1.69453507e-002	0.00000000e+000	
3.41020051e-003	1.69449503e-002	1.69449503e-002	0.00000000e+000	
3.41348270e-003	1.69445499e-002	1.69445499e-002	0.00000000e+000	
3.41676490e-003	1.69441495e-002	1.69441495e-002	0.00000000e+000	
3.42004709e-003	1.69437491e-002	1.69437491e-002	0.00000000e+000	
3.42332929e-003	1.69433487e-002	1.69433487e-002	0.00000000e+000	
3.42661148e-003	1.69429484e-002	1.69429484e-002	0.00000000e+000	
3.42989368e-003	1.69425480e-002	1.69425480e-002	0.00000000e+000	
3.43317587e-003	1.69421476e-002	1.69421476e-002	0.00000000e+000	
3.43645807e-003	1.69417472e-002	1.69417472e-002	0.00000000e+000	
3.43974026e-003	1.69413468e-002	1.69413468e-002	0.00000000e+000	
3.44302246e-003	1.69409464e-002	1.69409464e-002	0.00000000e+000	
3.44630465e-003	1.69405460e-002	1.69405460e-002	0.00000000e+000	
3.44958685e-003	1.69401456e-002	1.69401456e-002	0.00000000e+000	
3.45286904e-003	1.69397452e-002	1.69397452e-002	0.00000000e+000	
3.45615123e-003	1.69393449e-002	1.69393449e-002	0.00000000e+000	
3.45943343e-003	1.69389445e-002	1.69389445e-002	0.00000000e+000	
3.46271562e-003	1.69385441e-002	1.69385441e-002	0.00000000e+000	
3.46599782e-003	1.69381437e-002	1.69381437e-002	0.00000000e+000	
3.46928001e-003	1.69377433e-002	1.69377433e-002	0.00000000e+000	
3.47256221e-003	1.69373429e-002	1.69373429e-002	0.00000000e+000	
3.47584440e-003	1.69369425e-002	1.69369425e-002	0.00000000e+000	
3.47912660e-003	1.69365421e-002	1.69365421e-002	0.00000000e+000	
3.48240879e-003	1.69361417e-002	1.69361417e-002	0.00000000e+000	
3.48569099e-003	1.69357414e-002	1.69357414e-002	0.00000000e+000	
3.48897318e-003	1.69353410e-002	1.69353410e-002	0.00000000e+000	
3.49225538e-003	1.69349406e-002	1.69349406e-002	0.00000000e+000	
3.49553757e-003	1.69345402e-002	1.69345402e-002	0.00000000e+000	
3.49881977e-003	1.69341398e-002	1.69341398e-002	0.00000000e+000	
3.50210196e-003	1.69337394e-002	1.69337394e-002	0.00000000e+000	
3.50538416e-003	1.69333390e-002	1.69333390e-002	0.00000000e+000	
3.50866635e-003	1.69329386e-002	1.69329386e-002	0.00000000e+000	
3.51194855e-003	1.69325383e-002	1.69325383e-002	0.00000000e+000	
3.51523074e-003	1.69321379e-002	1.69321379e-002	0.00000000e+000	
3.51851294e-003	1.69317375e-002	1.69317375e-002	0.00000000e+000	
3.52179513e-003	1.69313371e-002	1.69313371e-002	0.00000000e+000	
3.52507733e-003	1.69309367e-002	1.69309367e-002	0.00000000e+000	
3.52835952e-003	1.69305363e-002	1.69305363e-002	0.00000000e+000	
3.53164172e-003	1.69301359e-002	1.69301359e-002	0.00000000e+000	
3.53492391e-003	1.69297355e-002	1.69297355e-002	0.00000000e+000	
3.53820611e-003	1.69293351e-002	1.69293351e-002	0.00000000e+000	
3.54148830e-003	1.69289348e-002	1.69289348e-002	0.00000000e+000	
3.54477050e-003	1.69285344e-002	1.69285344e-002	0.00000000e+000	
3.54805269e-003	1.69281340e-002	1.69281340e-002	0.00000000e+000	
3.55133489e-003	1.69277336e-002	1.69277336e-002	0.00000000e+000	
3.55461708e-003	1.69273332e-002	1.69273332e-002	0.00000000e+000	
3.55789928e-003	1.69269328e-002	1.69269328e-002	0.00000000e+000	
3.56118147e-003	1.69265324e-002	1.69265324e-002	0.00000000e+000	
3.56446367e-003	1.69261320e-002	1.69261320e-002	0.00000000e+000	
3.56774586e-003	1.69257316e-002	1.69257316e-002	0.00000000e+000	
3.57102806e-003	1.69253313e-002	1.69253313e-002	0.00000000e+000	
3.57431025e-003	1.69249309e-002	1.69249309e-002	0.00000000e+000	
3.57759245e-003	1.69245305e-002	1.69245305e-002	0.00000000e+000	
3.58087464e-003	1.69241301e-002	1.69241301e-002	0.00000000e+000	
3.58415684e-003	1.69237297e-002	1.69237297e-002	0.00000000e+000	
3.58743903e-003	1.69233293e-002	1.69233293e-002	0.00000000e+000	
3.59072123e-003	1.69229289e-002	1.69229289e-002	0.00000000e+000	
3.59400342e-003	1.69225285e-002	1.69225285e-002	0.00000000e+000	
3.59728562e-003	1.69221282e-002	1.69221282e-002	0.00000000e+000	
3.60056781e-003	1.69217278e-002	1.69217278e-002	0.00000000e+000	
3.60385001e-003	1.69213274e-002	1.69213274e-002	0.00000000e+000	
3.60713220e-003	1.69209270e-002	1.69209270e-002	0.00000000e+000	
3.61041440e-003	1.69205266e-002	1.69205266e-002	0.00000000e+000	
3.61369659e-003	1.69201262e-002	1.69201262e-002	0.00000000e+000	
3.61697879e-003	1.69197258e-002	1.69197258e-002	0.00000000e+000	
3.62026098e-003	1.69193254e-002	1.69193254e-002	0.00000000e+000	
3.62354318e-003	1.69189273e-002	1.69189273e-002	0.00000000e+000	
3.62682537e-003	1.69185476e-002	1.69185476e-002	0.00000000e+000	
3.63010756e-003	1.69181679e-002	1.69181679e-002	0.00000000e+000	
3.63338976e-003	1.69177882e-002	1.69177882e-002	0.00000000e+000	
3.63667195e-003	1.69174084e-002	1.69174084e-002	0.00000000e+000	
3.63995415e-003	1.69170287e-002	1.69170287e-002	0.00000000e+000	
3.64323634e-003	1.69166490e-002	1.69166490e-002	0.00000000e+000	
3.64651854e-003	1.69162693e-002	1.69162693e-002	0.00000000e+000	
3.64980073e-003	1.69158896e-002	1.69158896e-002	0.00000000e+000	
3.65308293e-003	1.69155099e-002	1.69155099e-002	0.00000000e+000	
3.65636512e-003	1.69151302e-002	1.69151302e-002	0.00000000e+000	
3.65964732e-003	1.69147505e-002	1.69147505e-002	0.00000000e+000	
3.66292951e-003	1.69143708e-002	1.69143708e-002	0.00000000e+000	
3.66621171e-003	1.69139911e-002	1.69139911e-002	0.00000000e+000	
3.66949390e-003	1.69136114e-002	1.69136114e-002	0.00000000e+000	
3.67277610e-003	1.69132317e-002	1.69132317e-002	0.00000000e+000	
3.67605829e-003	1.69128520e-002	1.69128520e-002	0.00000000e+000	
3.67934049e-003	1.69124586e-002	1.69124586e-002	0.00000000e+000	
3.68262268e-003	1.69119903e-002	1.69119903e-002	0.00000000e+000	
3.68590488e-003	1.69115221e-002	1.69115221e-002	0.00000000e+000	
3.68918707e-003	1.69110538e-002	1.69110538e-002	0.00000000e+000	
3.69246927e-003	1.69105855e-002	1.69105855e-002	0.00000000e+000	
3.69575146e-003	1.69101172e-002	1.69101172e-002	0.00000000e+000	
3.69903366e-003	1.69096490e-002	1.69096490e-002	0.00000000e+000	
3.70231585e-003	1.69091807e-002	1.69091807e-002	0.00000000e+000	
3.70559805e-003	1.69087124e-002	1.69087124e-002	0.00000000e+000	
3.70888024e-003	1.69082441e-002	1.69082441e-002	0.00000000e+000	
3.71216244e-003	1.69077759e-002	1.69077759e-002	0.00000000e+000	
3.71544463e-003	1.69073076e-002	1.69073076e-002	0.00000000e+000	
3.71872683e-003	1.69068393e-002	1.69068393e-002	0.00000000e+000	
3.72200902e-003	1.69063710e-002	1.69063710e-002	0.00000000e+000	
3.72529122e-003	1.69059028e-002	1.69059028e-002	0.00000000e+000	
3.72857341e-003	1.69054345e-002	1.69054345e-002	0.00000000e+000	
3.73185561e-003	1.69049662e-002	1.69049662e-002	0.00000000e+000	
3.73513780e-003	1.69044979e-002	1.69044979e-002	0.00000000e+000	
3.73842000e-003	1.69040297e-002	1.69040297e-002	0.00000000e+000	
3.74170219e-003	1.69035614e-002	1.69035614e-002	0.00000000e+000	
3.74498439e-003	1.69030931e-002	1.69030931e-002	0.00000000e+000	
3.74826658e-003	1.69026248e-002	1.69026248e-002	0.00000000e+000	
3.75154878e-003	1.69021566e-002	1.69021566e-002	0.00000000e+000	
3.75483097e-003	1.69016883e-002	1.69016883e-002	0.00000000e+000	
3.75811317e-003	1.69012124e-002	1.69012124e-002	0.00000000e+000	
3.76139536e-003	1.69007314e-002	1.69007314e-002	0.00000000e+000	
3.76467756e-003	1.69002504e-002	1.69002504e-002	0.00000000e+000	
3.76795975e-003	1.68997694e-002	1.68997694e-002	0.00000000e+000	
3.77124195e-003	1.68992884e-002	1.68992884e-002	0.00000000e+000	
3.77452414e-003	1.68988074e-002	1.68988074e-002	0.00000000e+000	
3.77780634e-003	1.68983264e-002	1.68983264e-002	0.00000000e+000	
3.78108853e-003	1.68978454e-002	1.68978454e-002	0.00000000e+000	
3.78437073e-003	1.68973645e-002	1.68973645e-002	0.00000000e+000	
3.78765292e-003	1.68968835e-002	1.68968835e-002	0.00000000e+000	
3.79093512e-003	1.68964025e-002	1.68964025e-002	0.00000000e+000	
3.79421731e-003	1.68959215e-002	1.68959215e-002	0.00000000e+000	
3.79749951e-003	1.68954405e-002	1.68954405e-002	0.00000000e+000	
3.80078170e-003	1.68949595e-002	1.68949595e-002	0.00000000e+000	
3.80406389e-003	1.68944785e-002	1.68944785e-002	0.00000000e+000	
3.80734609e-003	1.68939975e-002	1.68939975e-002	0.00000000e+000	
3.81062828e-003	1.68935165e-002	1.68935165e-002	0.00000000e+000	
3.81391048e-003	1.68930355e-002	1.68930355e-002	0.00000000e+000	
3.81719267e-003	1.68925545e-002	1.68925545e-002	0.00000000e+000	
3.82047487e-003	1.68920735e-002	1.68920735e-002	0.00000000e+000	
3.82375706e-003	1.68915926e-002	1.68915926e-002	0.00000000e+000	
3.82703926e-003	1.68911116e-002	1.68911116e-002	0.00000000e+000	
3.83032145e-003	1.68906306e-002	1.68906306e-002	0.00000000e+000	
3.83360365e-003	1.68901496e-002	1.68901496e-002	0.00000000e+000	
3.83688584e-003	1.68896686e-002	1.68896686e-002	0.00000000e+000	
3.84016804e-003	1.68891876e-002	1.68891876e-002	0.00000000e+000	
3.84345023e-003	1.68887066e-002	1.68887066e-002	0.00000000e+000	
3.84673243e-003	1.68882256e-002	1.68882256e-002	0.00000000e+000	
3.85001462e-003	1.68877446e-002	1.68877446e-002	0.00000000e+000	
3.85329682e-003	1.68872636e-002	1.68872636e-002	0.00000000e+000	
3.85657901e-003	1.68867826e-002	1.68867826e-002	0.00000000e+000	
3.85986121e-003	1.68863016e-002	1.68863016e-002	0.00000000e+000	
3.86314340e-003	1.68858206e-002	1.68858206e-002	0.00000000e+000	
3.86642560e-003	1.68853397e-002	1.68853397e-002	0.00000000e+000	
3.86970779e-003	1.68848587e-002	1.68848587e-002	0.00000000e+000	
3.87298999e-003	1.68843777e-002	1.68843777e-002	0.00000000e+000	
3.87627218e-003	1.68838967e-002	1.68838967e-002	0.00000000e+000	
3.87955438e-003	1.68834157e-002	1.68834157e-002	0.00000000e+000	
3.88283657e-003	1.68829347e-002	1.68829347e-002	0.00000000e+000	
3.88611877e-003	1.68824537e-002	1.68824537e-002	0.00000000e+000	
3.88940096e-003	1.68819727e-002	1.68819727e-002	0.00000000e+000	
3.89268316e-003	1.68814917e-002	1.68814917e-002	0.00000000e+000	
3.89596535e-003	1.68810107e-002	1.68810107e-002	0.00000000e+000	
3.89924755e-003	1.68805297e-002	1.68805297e-002	0.00000000e+000	
3.90252974e-003	1.68800487e-002	1.68800487e-002	0.00000000e+000	
3.90581194e-003	1.68795677e-002	1.68795677e-002	0.00000000e+000	
3.90909413e-003	1.68790868e-002	1.68790868e-002	0.00000000e+000	
3.91237633e-003	1.68786058e-002	1.68786058e-002	0.00000000e+000	
3.91565852e-003	1.68781248e-002	1.68781248e-002	0.00000000e+000	
3.91894072e-003	1.68776438e-002	1.68776438e-002	0.00000000e+000	
3.92222291e-003	1.68771628e-002	1.68771628e-002	0.00000000e+000	
3.92550511e-003	1.68766818e-002	1.68766818e-002	0.00000000e+000	
3.92878730e-003	1.68762008e-002	1.68762008e-002	0.00000000e+000	
3.93206950e-003	1.68757198e-002	1.68757198e-002	0.00000000e+000	
3.93535169e-003	1.68752388e-002	1.68752388e-002	0.00000000e+000	
3.93863389e-003	1.68747578e-002	1.68747578e-002	0.00000000e+000	
3.94191608e-003	1.68742768e-002	1.68742768e-002	0.00000000e+000	
3.94519828e-003	1.68737958e-002	1.68737958e-002	0.00000000e+000	
3.94848047e-003	1.68733149e-002	1.68733149e-002	0.00000000e+000	
3.95176267e-003	1.68728339e-002	1.68728339e-002	0.00000000e+000	
3.95504486e-003	1.68723529e-002	1.68723529e-002	0.00000000e+000	
3.95832706e-003	1.68718719e-002	1.68718719e-002	0.00000000e+000	
3.96160925e-003	1.68713909e-002	1.68713909e-002	0.00000000e+000	
3.96489145e-003	1.68709099e-002	1.68709099e-002	0.00000000e+000	
3.96817364e-003	1.68704289e-002	1.68704289e-002	0.00000000e+000	
3.97145584e-003	1.68699479e-002	1.68699479e-002	0.00000000e+000	
3.97473803e-003	1.68694669e-002	1.68694669e-002	0.00000000e+000	
3.97802022e-003	1.68689859e-002	1.68689859e-002	0.00000000e+000	
3.98130242e-003	1.68685049e-002	1.68685049e-002	0.00000000e+000	
3.98458461e-003	1.68680239e-002	1.68680239e-002	0.00000000e+000	
3.98786681e-003	1.68675429e-002	1.68675429e-002	0.00000000e+000	
3.99114900e-003	1.68670620e-002	1.68670620e-002	0.00000000e+000	
3.99443120e-003	1.68665810e-002	1.68665810e-002	0.00000000e+000	
3.99771339e-003	1.68661000e-002	1.68661000e-002	0.00000000e+000	
4.00099559e-003	1.68656190e-002	1.68656190e-002	0.00000000e+000	
4.00427778e-003	1.68651380e-002	1.68651380e-002	0.00000000e+000	
4.00755998e-003	1.68646570e-002	1.68646570e-002	0.00000000e+000	
4.01084217e-003	1.68641760e-002	1.68641760e-002	0.00000000e+000	
4.01412437e-003	1.68636950e-002	1.68636950e-002	0.00000000e+000	
4.01740656e-003	1.68632140e-002	1.68632140e-002	0.00000000e+000	
4.02068876e-003	1.68627330e-002	1.68627330e-002	0.00000000e+000	
4.02397095e-003	1.68622520e-002	1.68622520e-002	0.00000000e+000	
4.02725315e-003	1.68617710e-002	1.68617710e-002	0.00000000e+000	
4.03053534e-003	1.68612900e-002	1.68612900e-002	0.00000000e+000	
4.03381754e-003	1.68608091e-002	1.68608091e-002	0.00000000e+000	
4.03709973e-003	1.68603281e-002	1.68603281e-002	0.00000000e+000	
4.04038193e-003	1.68598471e-002	1.68598471e-002	0.00000000e+000	
4.04366412e-003	1.68593661e-002	1.68593661e-002	0.00000000e+000	
4.04694632e-003	1.68588851e-002	1.68588851e-002	0.00000000e+000	
4.05022851e-003	1.68584041e-002	1.68584041e-002	0.00000000e+000	
4.05351071e-003	1.68579231e-002	1.68579231e-002	0.00000000e+000	
4.05679290e-003	1.68574421e-002	1.68574421e-002	0.00000000e+000	
4.06007510e-003	1.68569611e-002	1.68569611e-002	0.00000000e+000	
4.06335729e-003	1.68564801e-002	1.68564801e-002	0.00000000e+000	
4.06663949e-003	1.68559991e-002	1.68559991e-002	0.00000000e+000	
4.06992168e-003	1.68555181e-002	1.68555181e-002	0.00000000e+000	
4.07320388e-003	1.68550372e-002	1.68550372e-002	0.00000000e+000	
4.07648607e-003	1.68545562e-002	1.68545562e-002	0.00000000e+000	
4.07976827e-003	1.68540752e-002	1.68540752e-002	0.00000000e+000	
4.08305046e-003	1.68535942e-002	1.68535942e-002	0.00000000e+000	
4.08633266e-003	1.68531132e-002	1.68531132e-002	0.00000000e+000	
4.08961485e-003	1.68526322e-002	1.68526322e-002	0.00000000e+000	
4.09289705e-003	1.68521512e-002	1.68521512e-002	0.00000000e+000	
4.09617924e-003	1.68516702e-002	1.68516702e-002	0.00000000e+000	
4.09946144e-003	1.68511892e-002	1.68511892e-002	0.00000000e+000	
4.10274363e-003	1.68507082e-002	1.68507082e-002	0.00000000e+000	
4.10602583e-003	1.68502272e-002	1.68502272e-002	0.00000000e+000	
4.10930802e-003	1.68497462e-002	1.68497462e-002	0.00000000e+000	
4.11259022e-003	1.68492652e-002	1.68492652e-002	0.00000000e+000	
4.11587241e-003	1.68487843e-002	1.68487843e-002	0.00000000e+000	
4.11915461e-003	1.68483033e-002	1.68483033e-002	0.00000000e+000	
4.12243680e-003	1.68478223e-002	1.68478223e-002	0.00000000e+000	
4.12571900e-003	1.68473413e-002	1.68473413e-002	0.00000000e+000	
4.12900119e-003	1.68468603e-002	1.68468603e-002	0.00000000e+000	
4.13228339e-003	1.68463793e-002	1.68463793e-002	0.00000000e+000	
4.13556558e-003	1.68458983e-002	1.68458983e-002	0.00000000e+000	
4.13884778e-003	1.68454173e-002	1.68454173e-002	0.00000000e+000	
4.14212997e-003	1.68449363e-002	1.68449363e-002	0.00000000e+000	
4.14541217e-003	1.68444553e-002	1.68444553e-002	0.00000000e+000	
4.14869436e-003	1.68439743e-002	1.68439743e-002	0.00000000e+000	
4.15197655e-003	1.68434933e-002	1.68434933e-002	0.00000000e+000	
4.15525875e-003	1.68430123e-002	1.68430123e-002	0.00000000e+000	
4.15854094e-003	1.68425314e-002	1.68425314e-002	0.00000000e+000	
4.16182314e-003	1.68420504e-002	1.68420504e-002	0.00000000e+000	
4.16510533e-003	1.68415694e-002	1.68415694e-002	0.00000000e+000	
4.16838753e-003	1.68410884e-002	1.68410884e-002	0.00000000e+000	
4.17166972e-003	1.68406074e-002	1.68406074e-002	0.00000000e+000	
4.17495192e-003	1.68401264e-002	1.68401264e-002	0.00000000e+000	
4.17823411e-003	1.68396454e-002	1.68396454e-002	0.00000000e+000	
4.18151631e-003	1.68391644e-002	1.68391644e-002	0.00000000e+000	
4.18479850e-003	1.68386834e-002	1.68386834e-002	0.00000000e+000	
4.18808070e-003	1.68382024e-002	1.68382024e-002	0.00000000e+000	
4.19136289e-003	1.68377214e-002	1.68377214e-002	0.00000000e+000	
4.19464509e-003	1.68372404e-002	1.68372404e-002	0.00000000e+000	
4.19792728e-003	1.68367595e-002	1.68367595e-002	0.00000000e+000	
4.20120948e-003	1.68362785e-002	1.68362785e-002	0.00000000e+000	
4.20449167e-003	1.68357975e-002	1.68357975e-002	0.00000000e+000	
4.20777387e-003	1.68353165e-002	1.68353165e-002	0.00000000e+000	
4.21105606e-003	1.68348355e-002	1.68348355e-002	0.00000000e+000	
4.21433826e-003	1.68343545e-002	1.68343545e-002	0.00000000e+000	
4.21762045e-003	1.68338735e-002	1.68338735e-002	0.00000000e+000	
4.22090265e-003	1.68333925e-002	1.68333925e-002	0.00000000e+000	
4.22418484e-003	1.68329115e-002	1.68329115e-002	0.00000000e+000	
4.22746704e-003	1.68324305e-002	1.68324305e-002	0.00000000e+000	
4.23074923e-003	1.68319495e-002	1.68319495e-002	0.00000000e+000	
4.23403143e-003	1.68314685e-002	1.68314685e-002	0.00000000e+000	
4.23731362e-003	1.68309875e-002	1.68309875e-002	0.00000000e+000	
4.24059582e-003	1.68305066e-002	1.68305066e-002	0.00000000e+000	
4.24387801e-003	1.68300256e-002	1.68300256e-002	0.00000000e+000	
4.24716021e-003	1.68295446e-002	1.68295446e-002	0.00000000e+000	
4.25044240e-003	1.68290636e-002	1.68290636e-002	0.00000000e+000	
4.25372460e-003	1.68285826e-002	1.68285826e-002	0.00000000e+000	
4.25700679e-003	1.68281016e-002	1.68281016e-002	0.00000000e+000	
4.26028899e-003	1.68276206e-002	1.68276206e-002	0.00000000e+000	
4.26357118e-003	1.68271396e-002	1.68271396e-002	0.00000000e+000	
4.26685338e-003	1.68266586e-002	1.68266586e-002	0.00000000e+000	
4.27013557e-003	1.68261583e-002	1.68261583e-002	0.00000000e+000	
4.27341777e-003	1.68256458e-002	1.68256458e-002	0.00000000e+000	
4.27669996e-003	1.68251333e-002	1.68251333e-002	0.00000000e+000	
4.27998216e-003	1.68246209e-002	1.68246209e-002	0.00000000e+000	
4.28326435e-003	1.68241084e-002	1.68241084e-002	0.00000000e+000	
4.28654655e-003	1.68235960e-002	1.68235960e-002	0.00000000e+000	
4.28982874e-003	1.68230835e-002	1.68230835e-002	0.00000000e+000	
4.29311094e-003	1.68225710e-002	1.68225710e-002	0.00000000e+000	
4.29639313e-003	1.68220586e-002	1.68220586e-002	0.00000000e+000	
4.29967533e-003	1.68215461e-002	1.68215461e-002	0.00000000e+000	
4.30295752e-003	1.68210336e-002	1.68210336e-002	0.00000000e+000	
4.30623972e-003	1.68205212e-002	1.68205212e-002	0.00000000e+000	
4.30952191e-003	1.68200087e-002	1.68200087e-002	0.00000000e+000	
4.31280411e-003	1.68194963e-002	1.68194963e-002	0.00000000e+000	
4.31608630e-003	1.68189838e-002	1.68189838e-002	0.00000000e+000	
4.31936849e-003	1.68184713e-002	1.68184713e-002	0.00000000e+000	
4.32265069e-003	1.68179589e-002	1.68179589e-002	0.00000000e+000	
4.32593288e-003	1.68174464e-002	1.68174464e-002	0.00000000e+000	
4.32921508e-003	1.68169339e-002	1.68169339e-002	0.00000000e+000	
4.33249727e-003	1.68164215e-002	1.68164215e-002	0.00000000e+000	
4.33577947e-003	1.68159090e-002	1.68159090e-002	0.00000000e+000	
4.33906166e-003	1.68153966e-002	1.68153966e-002	0.00000000e+000	
4.34234386e-003	1.68148841e-002	1.68148841e-002	0.00000000e+000	
4.34562605e-003	1.68143716e-002	1.68143716e-002	0.00000000e+000	
4.34890825e-003	1.68138569e-002	1.68138569e-002	0.00000000e+000	
4.35219044e-003	1.68133420e-002	1.68133420e-002	0.00000000e+000	
4.35547264e-003	1.68128270e-002	1.68128270e-002	0.00000000e+000	
4.35875483e-003	1.68123120e-002	1.68123120e-002	0.00000000e+000	
4.36203703e-003	1.68117970e-002	1.68117970e-002	0.00000000e+000	
4.36531922e-003	1.68112820e-002	1.68112820e-002	0.00000000e+000	
4.36860142e-003	1.68107671e-002	1.68107671e-002	0.00000000e+000	
4.37188361e-003	1.68102521e-002	1.68102521e-002	0.00000000e+000	
4.37516581e-003	1.68097371e-002	1.68097371e-002	0.00000000e+000	
4.37844800e-003	1.68092221e-002	1.68092221e-002	0.00000000e+000	
4.38173020e-003	1.68087072e-002	1.68087072e-002	0.00000000e+000	
4.38501239e-003	1.68081922e-002	1.68081922e-002	0.00000000e+000	
4.38829459e-003	1.68076772e-002	1.68076772e-002	0.00000000e+000	
4.39157678e-003	1.68071622e-002	1.68071622e-002	0.00000000e+000	
4.39485898e-003	1.68066473e-002	1.68066473e-002	0.00000000e+000	
4.39814117e-003	1.68061323e-002	1.68061323e-002	0.00000000e+000	
4.40142337e-003	1.68056173e-002	1.68056173e-002	0.00000000e+000	
4.40470556e-003	1.68051023e-002	1.68051023e-002	0.00000000e+000	
4.40798776e-003	1.68045874e-002	1.68045874e-002	0.00000000e+000	
4.41126995e-003	1.68040724e-002	1.68040724e-002	0.00000000e+000	
4.41455215e-003	1.68035574e-002	1.68035574e-002	0.00000000e+000	
4.41783434e-003	1.68030424e-002	1.68030424e-002	0.00000000e+000	
4.42111654e-003	1.68025275e-002	1.68025275e-002	0.00000000e+000	
4.42439873e-003	1.68020125e-002	1.68020125e-002	0.00000000e+000	
4.42768093e-003	1.68014975e-002	1.68014975e-002	0.00000000e+000	
4.43096312e-003	1.68009825e-002	1.68009825e-002	0.00000000e+000	
4.43424532e-003	1.68004676e-002	1.68004676e-002	0.00000000e+000	
4.43752751e-003	1.67999526e-002	1.67999526e-002	0.00000000e+000	
4.44080971e-003	1.67994376e-002	1.67994376e-002	0.00000000e+000	
4.44409190e-003	1.67989226e-002	1.67989226e-002	0.00000000e+000	
4.44737410e-003	1.67984076e-002	1.67984076e-002	0.00000000e+000	
4.45065629e-003	1.67978927e-002	1.67978927e-002	0.00000000e+000	
4.45393849e-003	1.67973777e-002	1.67973777e-002	0.00000000e+000	
4.45722068e-003	1.67968627e-002	1.67968627e-002	0.00000000e+000	
4.46050288e-003	1.67963477e-002	1.67963477e-002	0.00000000e+000	
4.46378507e-003	1.67958328e-002	1.67958328e-002	0.00000000e+000	
4.46706727e-003	1.67953178e-002	1.67953178e-002	0.00000000e+000	
4.47034946e-003	1.67948028e-002	1.67948028e-002	0.00000000e+000	
4.47363166e-003	1.67942878e-002	1.67942878e-002	0.00000000e+000	
4.47691385e-003	1.67937729e-002	1.67937729e-002	0.00000000e+000	
4.48019605e-003	1.67932579e-002	1.67932579e-002	0.00000000e+000	
4.48347824e-003	1.67927429e-002	1.67927429e-002	0.00000000e+000	
4.48676044e-003	1.67922279e-002	1.67922279e-002	0.00000000e+000	
4.49004263e-003	1.67917130e-002	1.67917130e-002	0.00000000e+000	
4.49332482e-003	1.67911980e-002	1.67911980e-002	0.00000000e+000	
4.49660702e-003	1.67906830e-002	1.67906830e-002	0.00000000e+000	
4.49988921e-003	1.67901680e-002	1.67901680e-002	0.00000000e+000	
4.50317141e-003	1.67896531e-002	1.67896531e-002	0.00000000e+000	
4.50645360e-003	1.67891381e-002	1.67891381e-002	0.00000000e+000	
4.50973580e-003	1.67886231e-002	1.67886231e-002	0.00000000e+000	
4.51301799e-003	1.67881081e-002	1.67881081e-002	0.00000000e+000	
4.51630019e-003	1.67875932e-002	1.67875932e-002	0.00000000e+000	
4.51958238e-003	1.67870782e-002	1.67870782e-002	0.00000000e+000	
4.52286458e-003	1.67865632e-002	1.67865632e-002	0.00000000e+000	
4.52614677e-003	1.67860482e-002	1.67860482e-002	0.00000000e+000	
4.52942897e-003	1.67855332e-002	1.67855332e-002	0.00000000e+000	
4.53271116e-003	1.67850183e-002	1.67850183e-002	0.00000000e+000	
4.53599336e-003	1.67845033e-002	1.67845033e-002	0.00000000e+000	
4.53927555e-003	1.67839883e-002	1.67839883e-002	0.00000000e+000	
4.54255775e-003	1.67834733e-002	1.67834733e-002	0.00000000e+000	
4.54583994e-003	1.67829584e-002	1.67829584e-002	0.00000000e+000	
4.54912214e-003	1.67824434e-002	1.67824434e-002	0.00000000e+000	
4.55240433e-003	1.67819284e-002	1.67819284e-002	0.00000000e+000	
4.55568653e-003	1.67814134e-002	1.67814134e-002	0.00000000e+000	
4.55896872e-003	1.67808953e-002	1.67808953e-002	0.00000000e+000	
4.56225092e-003	1.67803509e-002	1.67803509e-002	0.00000000e+000	
4.56553311e-003	1.67798066e-002	1.67798066e-002	0.00000000e+000	
4.56881531e-003	1.67792622e-002	1.67792622e-002	0.00000000e+000	
4.57209750e-003	1.67787179e-002	1.67787179e-002	0.00000000e+000	
4.57537970e-003	1.67781736e-002	1.67781736e-002	0.00000000e+000	
4.57866189e-003	1.67776292e-002	1.67776292e-002	0.00000000e+000	
4.58194409e-003	1.67770849e-002	1.67770849e-002	0.00000000e+000	
4.58522628e-003	1.67765406e-002	1.67765406e-002	0.00000000e+000	
4.58850848e-003	1.67759962e-002	1.67759962e-002	0.00000000e+000	
4.59179067e-003	1.67754519e-002	1.67754519e-002	0.00000000e+000	
4.59507287e-003	1.67749075e-002	1.67749075e-002	0.00000000e+000	
4.59835506e-003	1.67743632e-002	1.67743632e-002	0.00000000e+000	
4.60163726e-003	1.67738189e-002	1.67738189e-002	0.00000000e+000	
4.60491945e-003	1.67732745e-002	1.67732745e-002	0.00000000e+000	
4.60820165e-003	1.67727302e-002	1.67727302e-002	0.00000000e+000	
4.61148384e-003	1.67721859e-002	1.67721859e-002	0.00000000e+000	
4.61476604e-003	1.67716415e-002	1.67716415e-002	0.00000000e+000	
4.61804823e-003	1.67710972e-002	1.67710972e-002	0.00000000e+000	
4.62133043e-003	1.67705528e-002	1.67705528e-002	0.00000000e+000	
4.62461262e-003	1.67700085e-002	1.67700085e-002	0.00000000e+000	
4.62789482e-003	1.67694642e-002	1.67694642e-002	0.00000000e+000	
4.63117701e-003	1.67689171e-002	1.67689171e-002	0.00000000e+000	
4.63445921e-003	1.67683599e-002	1.67683599e-002	0.00000000e+000	
4.63774140e-003	1.67678028e-002	1.67678028e-002	0.00000000e+000	
4.64102360e-003	1.67672456e-002	1.67672456e-002	0.00000000e+000	
4.64430579e-003	1.67666884e-002	1.67666884e-002	0.00000000e+000	
4.64758799e-003	1.67661313e-002	1.67661313e-002	0.00000000e+000	
4.65087018e-003	1.67655741e-002	1.67655741e-002	0.00000000e+000	
4.65415238e-003	1.67650169e-002	1.67650169e-002	0.00000000e+000	
4.65743457e-003	1.67644597e-002	1.67644597e-002	0.00000000e+000	
4.66071677e-003	1.67639026e-002	1.67639026e-002	0.00000000e+000	
4.66399896e-003	1.67633454e-002	1.67633454e-002	0.00000000e+000	
4.66728115e-003	1.67627882e-002	1.67627882e-002	0.00000000e+000	
4.67056335e-003	1.67622310e-002	1.67622310e-002	0.00000000e+000	
4.67384554e-003	1.67616739e-002	1.67616739e-002	0.00000000e+000	
4.67712774e-003	1.67611167e-002	1.67611167e-002	0.00000000e+000	
4.68040993e-003	1.67605595e-002	1.67605595e-002	0.00000000e+000	
4.68369213e-003	1.67600024e-002	1.67600024e-002	0.00000000e+000	
4.68697432e-003	1.67594452e-002	1.67594452e-002	0.00000000e+000	
4.69025652e-003	1.67588880e-002	1.67588880e-002	0.00000000e+000	
4.69353871e-003	1.67583308e-002	1.67583308e-002	0.00000000e+000	
4.69682091e-003	1.67577737e-002	1.67577737e-002	0.00000000e+000	
4.70010310e-003	1.67572165e-002	1.67572165e-002	0.00000000e+000	
4.70338530e-003	1.67566593e-002	1.67566593e-002	0.00000000e+000	
4.70666749e-003	1.67561021e-002	1.67561021e-002	0.00000000e+000	
4.70994969e-003	1.67555450e-002	1.67555450e-002	0.00000000e+000	
4.71323188e-003	1.67549878e-002	1.67549878e-002	0.00000000e+000	
4.71651408e-003	1.67544306e-002	1.67544306e-002	0.00000000e+000	
4.71979627e-003	1.67538735e-002	1.67538735e-002	0.00000000e+000	
4.72307847e-003	1.67533163e-002	1.67533163e-002	0.00000000e+000	
4.72636066e-003	1.67527591e-002	1.67527591e-002	0.00000000e+000	
4.72964286e-003	1.67522019e-002	1.67522019e-002	0.00000000e+000	
4.73292505e-003	1.67516316e-002	1.67516316e-002	0.00000000e+000	
4.73620725e-003	1.67510487e-002	1.67510487e-002	0.00000000e+000	
4.73948944e-003	1.67504658e-002	1.67504658e-002	0.00000000e+000	
4.74277164e-003	1.67498829e-002	1.67498829e-002	0.00000000e+000	
4.74605383e-003	1.67493000e-002	1.67493000e-002	0.00000000e+000	
4.74933603e-003	1.67487171e-002	1.67487171e-002	0.00000000e+000	
4.75261822e-003	1.67481342e-002	1.67481342e-002	0.00000000e+000	
4.75590042e-003	1.67475513e-002	1.67475513e-002	0.00000000e+000	
4.75918261e-003	1.67469684e-002	1.67469684e-002	0.00000000e+000	
4.76246481e-003	1.67463856e-002	1.67463856e-002	0.00000000e+000	
4.76574700e-003	1.67458027e-002	1.67458027e-002	0.00000000e+000	
4.76902920e-003	1.67452198e-002	1.67452198e-002	0.00000000e+000	
4.77231139e-003	1.67446369e-002	1.67446369e-002	0.00000000e+000	
4.77559359e-003	1.67440540e-002	1.67440540e-002	0.00000000e+000	
4.77887578e-003	1.67434711e-002	1.67434711e-002	0.00000000e+000	
4.78215798e-003	1.67428882e-002	1.67428882e-002	0.00000000e+000	
4.78544017e-003	1.67423053e-002	1.67423053e-002	0.00000000e+000	
4.78872237e-003	1.67417225e-002	1.67417225e-002	0.00000000e+000	
4.79200456e-003	1.67411255e-002	1.67411255e-002	0.00000000e+000	
4.79528676e-003	1.67405201e-002	1.67405201e-002	0.00000000e+000	
4.79856895e-003	1.67399147e-002	1.67399147e-002	0.00000000e+000	
4.80185115e-003	1.67393092e-002	1.67393092e-002	0.00000000e+000	
4.80513334e-003	1.67387038e-002	1.67387038e-002	0.00000000e+000	
4.80841554e-003	1.67380984e-002	1.67380984e-002	0.00000000e+000	
4.81169773e-003	1.67374930e-002	1.67374930e-002	0.00000000e+000	
4.81497993e-003	1.67368876e-002	1.67368876e-002	0.00000000e+000	
4.81826212e-003	1.67362822e-002	1.67362822e-002	0.00000000e+000	
4.82154432e-003	1.67356768e-002	1.67356768e-002	0.00000000e+000	
4.82482651e-003	1.67350714e-002	1.67350714e-002	0.00000000e+000	
4.82810871e-003	1.67344659e-002	1.67344659e-002	0.00000000e+000	
4.83139090e-003	1.67338605e-002	1.67338605e-002	0.00000000e+000	
4.83467310e-003	1.67332551e-002	1.67332551e-002	0.00000000e+000	
4.83795529e-003	1.67326497e-002	1.67326497e-002	0.00000000e+000	
4.84123748e-003	1.67320443e-002	1.67320443e-002	0.00000000e+000	
4.84451968e-003	1.67314389e-002	1.67314389e-002	0.00000000e+000	
4.84780187e-003	1.67308335e-002	1.67308335e-002	0.00000000e+000	
4.85108407e-003	1.67302281e-002	1.67302281e-002	0.00000000e+000	
4.85436626e-003	1.67296226e-002	1.67296226e-002	0.00000000e+000	
4.85764846e-003	1.67290172e-002	1.67290172e-002	0.00000000e+000	
4.86093065e-003	1.67284118e-002	1.67284118e-002	0.00000000e+000	
4.86421285e-003	1.67278064e-002	1.67278064e-002	0.00000000e+000	
4.86749504e-003	1.67272010e-002	1.67272010e-002	0.00000000e+000	
4.87077724e-003	1.67265956e-002	1.67265956e-002	0.00000000e+000	
4.87405943e-003	1.67259902e-002	1.67259902e-002	0.00000000e+000	
4.87734163e-003	1.67253848e-002	1.67253848e-002	0.00000000e+000	
4.88062382e-003	1.67247794e-002	1.67247794e-002	0.00000000e+000	
4.88390602e-003	1.67241739e-002	1.67241739e-002	0.00000000e+000	
4.88718821e-003	1.67235685e-002	1.67235685e-002	0.00000000e+000	
4.89047041e-003	1.67229498e-002	1.67229498e-002	0.00000000e+000	
4.89375260e-003	1.67223173e-002	1.67223173e-002	0.00000000e+000	
4.89703480e-003	1.67216848e-002	1.67216848e-002	0.00000000e+000	
4.90031699e-003	1.67210523e-002	1.67210523e-002	0.00000000e+000	
4.90359919e-003	1.67204198e-002	1.67204198e-002	0.00000000e+000	
4.90688138e-003	1.67197873e-002	1.67197873e-002	0.00000000e+000	
4.91016358e-003	1.67191548e-002	1.67191548e-002	0.00000000e+000	
4.91344577e-003	1.67185223e-002	1.67185223e-002	0.00000000e+000	
4.91672797e-003	1.67178898e-002	1.67178898e-002	0.00000000e+000	
4.92001016e-003	1.67172573e-002	1.67172573e-002	0.00000000e+000	
