% Column 0: Length, m
% Column 1: |V|, Volts
% Column 2: Re[V], Volts
% Column 3: Im[V], Volts
0.00000000e+000	2.52227314e-002	2.52227314e-002	0.00000000e+000	
3.25550367e-006	2.52226561e-002	2.52226561e-002	0.00000000e+000	
6.51100734e-006	2.52225808e-002	2.52225808e-002	0.00000000e+000	
9.76651101e-006	2.52225055e-002	2.52225055e-002	0.00000000e+000	
1.30220147e-005	2.52224302e-002	2.52224302e-002	0.00000000e+000	
1.62775183e-005	2.52223549e-002	2.52223549e-002	0.00000000e+000	
1.95330220e-005	2.52222796e-002	2.52222796e-002	0.00000000e+000	
2.27885257e-005	2.52222043e-002	2.52222043e-002	0.00000000e+000	
2.60440294e-005	2.52221290e-002	2.52221290e-002	0.00000000e+000	
2.92995330e-005	2.52220537e-002	2.52220537e-002	0.00000000e+000	
3.25550367e-005	2.52219783e-002	2.52219783e-002	0.00000000e+000	
3.58105404e-005	2.52218229e-002	2.52218229e-002	0.00000000e+000	
3.90660440e-005	2.52214696e-002	2.52214696e-002	0.00000000e+000	
4.23215477e-005	2.52211163e-002	2.52211163e-002	0.00000000e+000	
4.55770514e-005	2.52207630e-002	2.52207630e-002	0.00000000e+000	
4.88325550e-005	2.52204096e-002	2.52204096e-002	0.00000000e+000	
5.20880587e-005	2.52200563e-002	2.52200563e-002	0.00000000e+000	
5.53435624e-005	2.52197030e-002	2.52197030e-002	0.00000000e+000	
5.85990660e-005	2.52193497e-002	2.52193497e-002	0.00000000e+000	
6.18545697e-005	2.52189964e-002	2.52189964e-002	0.00000000e+000	
6.51100734e-005	2.52186430e-002	2.52186430e-002	0.00000000e+000	
6.83655771e-005	2.52182897e-002	2.52182897e-002	0.00000000e+000	
7.16210807e-005	2.52179364e-002	2.52179364e-002	0.00000000e+000	
7.48765844e-005	2.52175831e-002	2.52175831e-002	0.00000000e+000	
7.81320881e-005	2.52172297e-002	2.52172297e-002	0.00000000e+000	
8.13875917e-005	2.52168764e-002	2.52168764e-002	0.00000000e+000	
8.46430954e-005	2.52165231e-002	2.52165231e-002	0.00000000e+000	
8.78985991e-005	2.52161698e-002	2.52161698e-002	0.00000000e+000	
9.11541027e-005	2.52158164e-002	2.52158164e-002	0.00000000e+000	
9.44096064e-005	2.52154631e-002	2.52154631e-002	0.00000000e+000	
9.76651101e-005	2.52151098e-002	2.52151098e-002	0.00000000e+000	
1.00920614e-004	2.52149978e-002	2.52149978e-002	0.00000000e+000	
1.04176117e-004	2.52149240e-002	2.52149240e-002	0.00000000e+000	
1.07431621e-004	2.52148503e-002	2.52148503e-002	0.00000000e+000	
1.10687125e-004	2.52147766e-002	2.52147766e-002	0.00000000e+000	
1.13942628e-004	2.52147029e-002	2.52147029e-002	0.00000000e+000	
1.17198132e-004	2.52146292e-002	2.52146292e-002	0.00000000e+000	
1.20453636e-004	2.52145554e-002	2.52145554e-002	0.00000000e+000	
1.23709139e-004	2.52144817e-002	2.52144817e-002	0.00000000e+000	
1.26964643e-004	2.52144080e-002	2.52144080e-002	0.00000000e+000	
1.30220147e-004	2.52143343e-002	2.52143343e-002	0.00000000e+000	
1.33475650e-004	2.52142606e-002	2.52142606e-002	0.00000000e+000	
1.36731154e-004	2.52141868e-002	2.52141868e-002	0.00000000e+000	
1.39986658e-004	2.52141131e-002	2.52141131e-002	0.00000000e+000	
1.43242161e-004	2.52140394e-002	2.52140394e-002	0.00000000e+000	
1.46497665e-004	2.52139657e-002	2.52139657e-002	0.00000000e+000	
1.49753169e-004	2.52138920e-002	2.52138920e-002	0.00000000e+000	
1.53008672e-004	2.52138182e-002	2.52138182e-002	0.00000000e+000	
1.56264176e-004	2.52137445e-002	2.52137445e-002	0.00000000e+000	
1.59519680e-004	2.52136708e-002	2.52136708e-002	0.00000000e+000	
1.62775183e-004	2.52135971e-002	2.52135971e-002	0.00000000e+000	
1.66030687e-004	2.52135234e-002	2.52135234e-002	0.00000000e+000	
1.69286191e-004	2.52134496e-002	2.52134496e-002	0.00000000e+000	
1.72541694e-004	2.52133759e-002	2.52133759e-002	0.00000000e+000	
1.75797198e-004	2.52133022e-002	2.52133022e-002	0.00000000e+000	
1.79052702e-004	2.52132285e-002	2.52132285e-002	0.00000000e+000	
1.82308205e-004	2.52131548e-002	2.52131548e-002	0.00000000e+000	
1.85563709e-004	2.52130810e-002	2.52130810e-002	0.00000000e+000	
1.88819213e-004	2.52130856e-002	2.52130856e-002	0.00000000e+000	
1.92074716e-004	2.52131239e-002	2.52131239e-002	0.00000000e+000	
1.95330220e-004	2.52131623e-002	2.52131623e-002	0.00000000e+000	
1.98585724e-004	2.52132006e-002	2.52132006e-002	0.00000000e+000	
2.01841227e-004	2.52132389e-002	2.52132389e-002	0.00000000e+000	
2.05096731e-004	2.52132773e-002	2.52132773e-002	0.00000000e+000	
2.08352235e-004	2.52133156e-002	2.52133156e-002	0.00000000e+000	
2.11607738e-004	2.52133540e-002	2.52133540e-002	0.00000000e+000	
2.14863242e-004	2.52133923e-002	2.52133923e-002	0.00000000e+000	
2.18118746e-004	2.52134307e-002	2.52134307e-002	0.00000000e+000	
2.21374249e-004	2.52134690e-002	2.52134690e-002	0.00000000e+000	
2.24629753e-004	2.52135074e-002	2.52135074e-002	0.00000000e+000	
2.27885257e-004	2.52135457e-002	2.52135457e-002	0.00000000e+000	
2.31140761e-004	2.52135840e-002	2.52135840e-002	0.00000000e+000	
2.34396264e-004	2.52136224e-002	2.52136224e-002	0.00000000e+000	
2.37651768e-004	2.52136607e-002	2.52136607e-002	0.00000000e+000	
2.40907272e-004	2.52136991e-002	2.52136991e-002	0.00000000e+000	
2.44162775e-004	2.52137374e-002	2.52137374e-002	0.00000000e+000	
2.47418279e-004	2.52137758e-002	2.52137758e-002	0.00000000e+000	
2.50673783e-004	2.52138141e-002	2.52138141e-002	0.00000000e+000	
2.53929286e-004	2.52138524e-002	2.52138524e-002	0.00000000e+000	
2.57184790e-004	2.52138908e-002	2.52138908e-002	0.00000000e+000	
2.60440294e-004	2.52139291e-002	2.52139291e-002	0.00000000e+000	
2.63695797e-004	2.52139675e-002	2.52139675e-002	0.00000000e+000	
2.66951301e-004	2.52139978e-002	2.52139978e-002	0.00000000e+000	
2.70206805e-004	2.52139493e-002	2.52139493e-002	0.00000000e+000	
2.73462308e-004	2.52139008e-002	2.52139008e-002	0.00000000e+000	
2.76717812e-004	2.52138523e-002	2.52138523e-002	0.00000000e+000	
2.79973316e-004	2.52138039e-002	2.52138039e-002	0.00000000e+000	
2.83228819e-004	2.52137554e-002	2.52137554e-002	0.00000000e+000	
2.86484323e-004	2.52137069e-002	2.52137069e-002	0.00000000e+000	
2.89739827e-004	2.52136584e-002	2.52136584e-002	0.00000000e+000	
2.92995330e-004	2.52136100e-002	2.52136100e-002	0.00000000e+000	
2.96250834e-004	2.52135615e-002	2.52135615e-002	0.00000000e+000	
2.99506338e-004	2.52135130e-002	2.52135130e-002	0.00000000e+000	
3.02761841e-004	2.52134646e-002	2.52134646e-002	0.00000000e+000	
3.06017345e-004	2.52134161e-002	2.52134161e-002	0.00000000e+000	
3.09272849e-004	2.52133676e-002	2.52133676e-002	0.00000000e+000	
3.12528352e-004	2.52133191e-002	2.52133191e-002	0.00000000e+000	
3.15783856e-004	2.52132707e-002	2.52132707e-002	0.00000000e+000	
3.19039360e-004	2.52132222e-002	2.52132222e-002	0.00000000e+000	
3.22294863e-004	2.52131737e-002	2.52131737e-002	0.00000000e+000	
3.25550367e-004	2.52131252e-002	2.52131252e-002	0.00000000e+000	
3.28805871e-004	2.52130768e-002	2.52130768e-002	0.00000000e+000	
3.32061374e-004	2.52130283e-002	2.52130283e-002	0.00000000e+000	
3.35316878e-004	2.52129798e-002	2.52129798e-002	0.00000000e+000	
3.38572382e-004	2.52129314e-002	2.52129314e-002	0.00000000e+000	
3.41827885e-004	2.52128829e-002	2.52128829e-002	0.00000000e+000	
3.45083389e-004	2.52128344e-002	2.52128344e-002	0.00000000e+000	
3.48338893e-004	2.52127859e-002	2.52127859e-002	0.00000000e+000	
3.51594396e-004	2.52127375e-002	2.52127375e-002	0.00000000e+000	
3.54849900e-004	2.52126890e-002	2.52126890e-002	0.00000000e+000	
3.58105404e-004	2.52126405e-002	2.52126405e-002	0.00000000e+000	
3.61360907e-004	2.52125921e-002	2.52125921e-002	0.00000000e+000	
3.64616411e-004	2.52125436e-002	2.52125436e-002	0.00000000e+000	
3.67871915e-004	2.52124847e-002	2.52124847e-002	0.00000000e+000	
3.71127418e-004	2.52124194e-002	2.52124194e-002	0.00000000e+000	
3.74382922e-004	2.52123541e-002	2.52123541e-002	0.00000000e+000	
3.77638426e-004	2.52122888e-002	2.52122888e-002	0.00000000e+000	
3.80893929e-004	2.52122235e-002	2.52122235e-002	0.00000000e+000	
3.84149433e-004	2.52121582e-002	2.52121582e-002	0.00000000e+000	
3.87404937e-004	2.52120929e-002	2.52120929e-002	0.00000000e+000	
3.90660440e-004	2.52120276e-002	2.52120276e-002	0.00000000e+000	
3.93915944e-004	2.52119623e-002	2.52119623e-002	0.00000000e+000	
3.97171448e-004	2.52118970e-002	2.52118970e-002	0.00000000e+000	
4.00426951e-004	2.52118316e-002	2.52118316e-002	0.00000000e+000	
4.03682455e-004	2.52117663e-002	2.52117663e-002	0.00000000e+000	
4.06937959e-004	2.52117010e-002	2.52117010e-002	0.00000000e+000	
4.10193462e-004	2.52116357e-002	2.52116357e-002	0.00000000e+000	
4.13448966e-004	2.52115704e-002	2.52115704e-002	0.00000000e+000	
4.16704470e-004	2.52115051e-002	2.52115051e-002	0.00000000e+000	
4.19959973e-004	2.52114398e-002	2.52114398e-002	0.00000000e+000	
4.23215477e-004	2.52113745e-002	2.52113745e-002	0.00000000e+000	
4.26470981e-004	2.52113092e-002	2.52113092e-002	0.00000000e+000	
4.29726484e-004	2.52112439e-002	2.52112439e-002	0.00000000e+000	
4.32981988e-004	2.52111785e-002	2.52111785e-002	0.00000000e+000	
4.36237492e-004	2.52111132e-002	2.52111132e-002	0.00000000e+000	
4.39492995e-004	2.52110479e-002	2.52110479e-002	0.00000000e+000	
4.42748499e-004	2.52109826e-002	2.52109826e-002	0.00000000e+000	
4.46004003e-004	2.52109173e-002	2.52109173e-002	0.00000000e+000	
4.49259506e-004	2.52108520e-002	2.52108520e-002	0.00000000e+000	
4.52515010e-004	2.52107867e-002	2.52107867e-002	0.00000000e+000	
4.55770514e-004	2.52107214e-002	2.52107214e-002	0.00000000e+000	
4.59026017e-004	2.52106561e-002	2.52106561e-002	0.00000000e+000	
4.62281521e-004	2.52105907e-002	2.52105907e-002	0.00000000e+000	
4.65537025e-004	2.52105254e-002	2.52105254e-002	0.00000000e+000	
4.68792528e-004	2.52104601e-002	2.52104601e-002	0.00000000e+000	
4.72048032e-004	2.52103948e-002	2.52103948e-002	0.00000000e+000	
4.75303536e-004	2.52103295e-002	2.52103295e-002	0.00000000e+000	
4.78559039e-004	2.52102642e-002	2.52102642e-002	0.00000000e+000	
4.81814543e-004	2.52101989e-002	2.52101989e-002	0.00000000e+000	
4.85070047e-004	2.52101336e-002	2.52101336e-002	0.00000000e+000	
4.88325550e-004	2.52100683e-002	2.52100683e-002	0.00000000e+000	
4.91581054e-004	2.52100030e-002	2.52100030e-002	0.00000000e+000	
4.94836558e-004	2.52099376e-002	2.52099376e-002	0.00000000e+000	
4.98092061e-004	2.52098723e-002	2.52098723e-002	0.00000000e+000	
5.01347565e-004	2.52098070e-002	2.52098070e-002	0.00000000e+000	
5.04603069e-004	2.52097417e-002	2.52097417e-002	0.00000000e+000	
5.07858572e-004	2.52096764e-002	2.52096764e-002	0.00000000e+000	
5.11114076e-004	2.52096111e-002	2.52096111e-002	0.00000000e+000	
5.14369580e-004	2.52095458e-002	2.52095458e-002	0.00000000e+000	
5.17625083e-004	2.52094805e-002	2.52094805e-002	0.00000000e+000	
5.20880587e-004	2.52094152e-002	2.52094152e-002	0.00000000e+000	
5.24136091e-004	2.52093499e-002	2.52093499e-002	0.00000000e+000	
5.27391594e-004	2.52092845e-002	2.52092845e-002	0.00000000e+000	
5.30647098e-004	2.52092192e-002	2.52092192e-002	0.00000000e+000	
5.33902602e-004	2.52091539e-002	2.52091539e-002	0.00000000e+000	
5.37158105e-004	2.52090886e-002	2.52090886e-002	0.00000000e+000	
5.40413609e-004	2.52090233e-002	2.52090233e-002	0.00000000e+000	
5.43669113e-004	2.52089580e-002	2.52089580e-002	0.00000000e+000	
5.46924616e-004	2.52088790e-002	2.52088790e-002	0.00000000e+000	
5.50180120e-004	2.52087866e-002	2.52087866e-002	0.00000000e+000	
5.53435624e-004	2.52086942e-002	2.52086942e-002	0.00000000e+000	
5.56691127e-004	2.52086018e-002	2.52086018e-002	0.00000000e+000	
5.59946631e-004	2.52085095e-002	2.52085095e-002	0.00000000e+000	
5.63202135e-004	2.52084171e-002	2.52084171e-002	0.00000000e+000	
5.66457638e-004	2.52083247e-002	2.52083247e-002	0.00000000e+000	
5.69713142e-004	2.52082323e-002	2.52082323e-002	0.00000000e+000	
5.72968646e-004	2.52081400e-002	2.52081400e-002	0.00000000e+000	
5.76224149e-004	2.52080476e-002	2.52080476e-002	0.00000000e+000	
5.79479653e-004	2.52079552e-002	2.52079552e-002	0.00000000e+000	
5.82735157e-004	2.52078629e-002	2.52078629e-002	0.00000000e+000	
5.85990660e-004	2.52077705e-002	2.52077705e-002	0.00000000e+000	
5.89246164e-004	2.52076781e-002	2.52076781e-002	0.00000000e+000	
5.92501668e-004	2.52075857e-002	2.52075857e-002	0.00000000e+000	
5.95757171e-004	2.52074934e-002	2.52074934e-002	0.00000000e+000	
5.99012675e-004	2.52074010e-002	2.52074010e-002	0.00000000e+000	
6.02268179e-004	2.52073086e-002	2.52073086e-002	0.00000000e+000	
6.05523682e-004	2.52072162e-002	2.52072162e-002	0.00000000e+000	
6.08779186e-004	2.52071239e-002	2.52071239e-002	0.00000000e+000	
6.12034690e-004	2.52070315e-002	2.52070315e-002	0.00000000e+000	
6.15290193e-004	2.52069391e-002	2.52069391e-002	0.00000000e+000	
6.18545697e-004	2.52068468e-002	2.52068468e-002	0.00000000e+000	
6.21801201e-004	2.52067544e-002	2.52067544e-002	0.00000000e+000	
6.25056704e-004	2.52066620e-002	2.52066620e-002	0.00000000e+000	
6.28312208e-004	2.52065696e-002	2.52065696e-002	0.00000000e+000	
6.31567712e-004	2.52064773e-002	2.52064773e-002	0.00000000e+000	
6.34823215e-004	2.52063849e-002	2.52063849e-002	0.00000000e+000	
6.38078719e-004	2.52062925e-002	2.52062925e-002	0.00000000e+000	
6.41334223e-004	2.52062001e-002	2.52062001e-002	0.00000000e+000	
6.44589726e-004	2.52061078e-002	2.52061078e-002	0.00000000e+000	
6.47845230e-004	2.52060154e-002	2.52060154e-002	0.00000000e+000	
6.51100734e-004	2.52059225e-002	2.52059225e-002	0.00000000e+000	
6.54356237e-004	2.52056846e-002	2.52056846e-002	0.00000000e+000	
6.57611741e-004	2.52054467e-002	2.52054467e-002	0.00000000e+000	
6.60867245e-004	2.52052088e-002	2.52052088e-002	0.00000000e+000	
6.64122748e-004	2.52049709e-002	2.52049709e-002	0.00000000e+000	
6.67378252e-004	2.52047330e-002	2.52047330e-002	0.00000000e+000	
6.70633756e-004	2.52044951e-002	2.52044951e-002	0.00000000e+000	
6.73889260e-004	2.52042572e-002	2.52042572e-002	0.00000000e+000	
6.77144763e-004	2.52040193e-002	2.52040193e-002	0.00000000e+000	
6.80400267e-004	2.52037814e-002	2.52037814e-002	0.00000000e+000	
6.83655771e-004	2.52035435e-002	2.52035435e-002	0.00000000e+000	
6.86911274e-004	2.52033056e-002	2.52033056e-002	0.00000000e+000	
6.90166778e-004	2.52030677e-002	2.52030677e-002	0.00000000e+000	
6.93422282e-004	2.52028298e-002	2.52028298e-002	0.00000000e+000	
6.96677785e-004	2.52025919e-002	2.52025919e-002	0.00000000e+000	
6.99933289e-004	2.52023540e-002	2.52023540e-002	0.00000000e+000	
7.03188793e-004	2.52021161e-002	2.52021161e-002	0.00000000e+000	
7.06444296e-004	2.52018782e-002	2.52018782e-002	0.00000000e+000	
7.09699800e-004	2.52016403e-002	2.52016403e-002	0.00000000e+000	
7.12955304e-004	2.52014025e-002	2.52014025e-002	0.00000000e+000	
7.16210807e-004	2.52011646e-002	2.52011646e-002	0.00000000e+000	
7.19466311e-004	2.52009267e-002	2.52009267e-002	0.00000000e+000	
7.22721815e-004	2.52006888e-002	2.52006888e-002	0.00000000e+000	
7.25977318e-004	2.52004509e-002	2.52004509e-002	0.00000000e+000	
7.29232822e-004	2.52002130e-002	2.52002130e-002	0.00000000e+000	
7.32488326e-004	2.51999751e-002	2.51999751e-002	0.00000000e+000	
7.35743829e-004	2.51997372e-002	2.51997372e-002	0.00000000e+000	
7.38999333e-004	2.51994993e-002	2.51994993e-002	0.00000000e+000	
7.42254837e-004	2.51992614e-002	2.51992614e-002	0.00000000e+000	
7.45510340e-004	2.51990235e-002	2.51990235e-002	0.00000000e+000	
7.48765844e-004	2.51987856e-002	2.51987856e-002	0.00000000e+000	
7.52021348e-004	2.51985477e-002	2.51985477e-002	0.00000000e+000	
7.55276851e-004	2.51983098e-002	2.51983098e-002	0.00000000e+000	
7.58532355e-004	2.51980719e-002	2.51980719e-002	0.00000000e+000	
7.61787859e-004	2.51978340e-002	2.51978340e-002	0.00000000e+000	
7.65043362e-004	2.51975961e-002	2.51975961e-002	0.00000000e+000	
7.68298866e-004	2.51973582e-002	2.51973582e-002	0.00000000e+000	
7.71554370e-004	2.51971203e-002	2.51971203e-002	0.00000000e+000	
7.74809873e-004	2.51968824e-002	2.51968824e-002	0.00000000e+000	
7.78065377e-004	2.51966446e-002	2.51966446e-002	0.00000000e+000	
7.81320881e-004	2.51964067e-002	2.51964067e-002	0.00000000e+000	
7.84576384e-004	2.51961688e-002	2.51961688e-002	0.00000000e+000	
7.87831888e-004	2.51959309e-002	2.51959309e-002	0.00000000e+000	
7.91087392e-004	2.51956930e-002	2.51956930e-002	0.00000000e+000	
7.94342895e-004	2.51954551e-002	2.51954551e-002	0.00000000e+000	
7.97598399e-004	2.51952172e-002	2.51952172e-002	0.00000000e+000	
8.00853903e-004	2.51949793e-002	2.51949793e-002	0.00000000e+000	
8.04109406e-004	2.51947414e-002	2.51947414e-002	0.00000000e+000	
8.07364910e-004	2.51945035e-002	2.51945035e-002	0.00000000e+000	
8.10620414e-004	2.51942656e-002	2.51942656e-002	0.00000000e+000	
8.13875917e-004	2.51940277e-002	2.51940277e-002	0.00000000e+000	
8.17131421e-004	2.51937898e-002	2.51937898e-002	0.00000000e+000	
8.20386925e-004	2.51935519e-002	2.51935519e-002	0.00000000e+000	
8.23642428e-004	2.51933140e-002	2.51933140e-002	0.00000000e+000	
8.26897932e-004	2.51930761e-002	2.51930761e-002	0.00000000e+000	
8.30153436e-004	2.51928382e-002	2.51928382e-002	0.00000000e+000	
8.33408939e-004	2.51926003e-002	2.51926003e-002	0.00000000e+000	
8.36664443e-004	2.51923624e-002	2.51923624e-002	0.00000000e+000	
8.39919947e-004	2.51921245e-002	2.51921245e-002	0.00000000e+000	
8.43175450e-004	2.51918867e-002	2.51918867e-002	0.00000000e+000	
8.46430954e-004	2.51916488e-002	2.51916488e-002	0.00000000e+000	
8.49686458e-004	2.51914109e-002	2.51914109e-002	0.00000000e+000	
8.52941961e-004	2.51911730e-002	2.51911730e-002	0.00000000e+000	
8.56197465e-004	2.51909351e-002	2.51909351e-002	0.00000000e+000	
8.59452969e-004	2.51906972e-002	2.51906972e-002	0.00000000e+000	
8.62708472e-004	2.51904593e-002	2.51904593e-002	0.00000000e+000	
8.65963976e-004	2.51902214e-002	2.51902214e-002	0.00000000e+000	
8.69219480e-004	2.51899835e-002	2.51899835e-002	0.00000000e+000	
8.72474983e-004	2.51897456e-002	2.51897456e-002	0.00000000e+000	
8.75730487e-004	2.51895077e-002	2.51895077e-002	0.00000000e+000	
8.78985991e-004	2.51892698e-002	2.51892698e-002	0.00000000e+000	
8.82241494e-004	2.51890319e-002	2.51890319e-002	0.00000000e+000	
8.85496998e-004	2.51887940e-002	2.51887940e-002	0.00000000e+000	
8.88752502e-004	2.51885561e-002	2.51885561e-002	0.00000000e+000	
8.92008005e-004	2.51883182e-002	2.51883182e-002	0.00000000e+000	
8.95263509e-004	2.51880803e-002	2.51880803e-002	0.00000000e+000	
8.98519013e-004	2.51878424e-002	2.51878424e-002	0.00000000e+000	
9.01774516e-004	2.51876045e-002	2.51876045e-002	0.00000000e+000	
9.05030020e-004	2.51873666e-002	2.51873666e-002	0.00000000e+000	
9.08285524e-004	2.51871288e-002	2.51871288e-002	0.00000000e+000	
9.11541027e-004	2.51868909e-002	2.51868909e-002	0.00000000e+000	
9.14796531e-004	2.51866530e-002	2.51866530e-002	0.00000000e+000	
9.18052035e-004	2.51864151e-002	2.51864151e-002	0.00000000e+000	
9.21307538e-004	2.51861772e-002	2.51861772e-002	0.00000000e+000	
9.24563042e-004	2.51859393e-002	2.51859393e-002	0.00000000e+000	
9.27818546e-004	2.51857014e-002	2.51857014e-002	0.00000000e+000	
9.31074049e-004	2.51854635e-002	2.51854635e-002	0.00000000e+000	
9.34329553e-004	2.51852256e-002	2.51852256e-002	0.00000000e+000	
9.37585057e-004	2.51849877e-002	2.51849877e-002	0.00000000e+000	
9.40840560e-004	2.51847498e-002	2.51847498e-002	0.00000000e+000	
9.44096064e-004	2.51845119e-002	2.51845119e-002	0.00000000e+000	
9.47351568e-004	2.51842740e-002	2.51842740e-002	0.00000000e+000	
9.50607071e-004	2.51840361e-002	2.51840361e-002	0.00000000e+000	
9.53862575e-004	2.51837982e-002	2.51837982e-002	0.00000000e+000	
9.57118079e-004	2.51835603e-002	2.51835603e-002	0.00000000e+000	
9.60373582e-004	2.51833224e-002	2.51833224e-002	0.00000000e+000	
9.63629086e-004	2.51830845e-002	2.51830845e-002	0.00000000e+000	
9.66884590e-004	2.51828466e-002	2.51828466e-002	0.00000000e+000	
9.70140093e-004	2.51826087e-002	2.51826087e-002	0.00000000e+000	
9.73395597e-004	2.51823709e-002	2.51823709e-002	0.00000000e+000	
9.76651101e-004	2.51821330e-002	2.51821330e-002	0.00000000e+000	
9.79906604e-004	2.51818951e-002	2.51818951e-002	0.00000000e+000	
9.83162108e-004	2.51816572e-002	2.51816572e-002	0.00000000e+000	
9.86417612e-004	2.51814193e-002	2.51814193e-002	0.00000000e+000	
9.89673115e-004	2.51811814e-002	2.51811814e-002	0.00000000e+000	
9.92928619e-004	2.51809435e-002	2.51809435e-002	0.00000000e+000	
9.96184123e-004	2.51807056e-002	2.51807056e-002	0.00000000e+000	
9.99439626e-004	2.51804677e-002	2.51804677e-002	0.00000000e+000	
1.00269513e-003	2.51802298e-002	2.51802298e-002	0.00000000e+000	
1.00595063e-003	2.51799919e-002	2.51799919e-002	0.00000000e+000	
1.00920614e-003	2.51797540e-002	2.51797540e-002	0.00000000e+000	
1.01246164e-003	2.51795161e-002	2.51795161e-002	0.00000000e+000	
1.01571714e-003	2.51792782e-002	2.51792782e-002	0.00000000e+000	
1.01897265e-003	2.51790403e-002	2.51790403e-002	0.00000000e+000	
1.02222815e-003	2.51788024e-002	2.51788024e-002	0.00000000e+000	
1.02548366e-003	2.51785645e-002	2.51785645e-002	0.00000000e+000	
1.02873916e-003	2.51783266e-002	2.51783266e-002	0.00000000e+000	
1.03199466e-003	2.51780887e-002	2.51780887e-002	0.00000000e+000	
1.03525017e-003	2.51778509e-002	2.51778509e-002	0.00000000e+000	
1.03850567e-003	2.51776130e-002	2.51776130e-002	0.00000000e+000	
1.04176117e-003	2.51773751e-002	2.51773751e-002	0.00000000e+000	
1.04501668e-003	2.51771372e-002	2.51771372e-002	0.00000000e+000	
1.04827218e-003	2.51768993e-002	2.51768993e-002	0.00000000e+000	
1.05152769e-003	2.51766614e-002	2.51766614e-002	0.00000000e+000	
1.05478319e-003	2.51764235e-002	2.51764235e-002	0.00000000e+000	
1.05803869e-003	2.51761856e-002	2.51761856e-002	0.00000000e+000	
1.06129420e-003	2.51759477e-002	2.51759477e-002	0.00000000e+000	
1.06454970e-003	2.51757098e-002	2.51757098e-002	0.00000000e+000	
1.06780520e-003	2.51754719e-002	2.51754719e-002	0.00000000e+000	
1.07106071e-003	2.51752340e-002	2.51752340e-002	0.00000000e+000	
1.07431621e-003	2.51749961e-002	2.51749961e-002	0.00000000e+000	
1.07757171e-003	2.51747582e-002	2.51747582e-002	0.00000000e+000	
1.08082722e-003	2.51745203e-002	2.51745203e-002	0.00000000e+000	
1.08408272e-003	2.51742824e-002	2.51742824e-002	0.00000000e+000	
1.08733823e-003	2.51740445e-002	2.51740445e-002	0.00000000e+000	
1.09059373e-003	2.51738066e-002	2.51738066e-002	0.00000000e+000	
1.09384923e-003	2.51735687e-002	2.51735687e-002	0.00000000e+000	
1.09710474e-003	2.51733308e-002	2.51733308e-002	0.00000000e+000	
1.10036024e-003	2.51730930e-002	2.51730930e-002	0.00000000e+000	
1.10361574e-003	2.51728551e-002	2.51728551e-002	0.00000000e+000	
1.10687125e-003	2.51726172e-002	2.51726172e-002	0.00000000e+000	
1.11012675e-003	2.51723793e-002	2.51723793e-002	0.00000000e+000	
1.11338225e-003	2.51721414e-002	2.51721414e-002	0.00000000e+000	
1.11663776e-003	2.51719035e-002	2.51719035e-002	0.00000000e+000	
1.11989326e-003	2.51716656e-002	2.51716656e-002	0.00000000e+000	
1.12314877e-003	2.51714277e-002	2.51714277e-002	0.00000000e+000	
1.12640427e-003	2.51711898e-002	2.51711898e-002	0.00000000e+000	
1.12965977e-003	2.51709519e-002	2.51709519e-002	0.00000000e+000	
1.13291528e-003	2.51707811e-002	2.51707811e-002	0.00000000e+000	
1.13617078e-003	2.51706401e-002	2.51706401e-002	0.00000000e+000	
1.13942628e-003	2.51704990e-002	2.51704990e-002	0.00000000e+000	
1.14268179e-003	2.51703580e-002	2.51703580e-002	0.00000000e+000	
1.14593729e-003	2.51702169e-002	2.51702169e-002	0.00000000e+000	
1.14919280e-003	2.51700758e-002	2.51700758e-002	0.00000000e+000	
1.15244830e-003	2.51699348e-002	2.51699348e-002	0.00000000e+000	
1.15570380e-003	2.51697937e-002	2.51697937e-002	0.00000000e+000	
1.15895931e-003	2.51696527e-002	2.51696527e-002	0.00000000e+000	
1.16221481e-003	2.51695116e-002	2.51695116e-002	0.00000000e+000	
1.16547031e-003	2.51693706e-002	2.51693706e-002	0.00000000e+000	
1.16872582e-003	2.51692295e-002	2.51692295e-002	0.00000000e+000	
1.17198132e-003	2.51690884e-002	2.51690884e-002	0.00000000e+000	
1.17523682e-003	2.51689474e-002	2.51689474e-002	0.00000000e+000	
1.17849233e-003	2.51688063e-002	2.51688063e-002	0.00000000e+000	
1.18174783e-003	2.51686653e-002	2.51686653e-002	0.00000000e+000	
1.18500334e-003	2.51685242e-002	2.51685242e-002	0.00000000e+000	
1.18825884e-003	2.51683832e-002	2.51683832e-002	0.00000000e+000	
1.19151434e-003	2.51682421e-002	2.51682421e-002	0.00000000e+000	
1.19476985e-003	2.51681010e-002	2.51681010e-002	0.00000000e+000	
1.19802535e-003	2.51679600e-002	2.51679600e-002	0.00000000e+000	
1.20128085e-003	2.51678189e-002	2.51678189e-002	0.00000000e+000	
1.20453636e-003	2.51676779e-002	2.51676779e-002	0.00000000e+000	
1.20779186e-003	2.51675368e-002	2.51675368e-002	0.00000000e+000	
1.21104736e-003	2.51673958e-002	2.51673958e-002	0.00000000e+000	
1.21430287e-003	2.51672547e-002	2.51672547e-002	0.00000000e+000	
1.21755837e-003	2.51671136e-002	2.51671136e-002	0.00000000e+000	
1.22081388e-003	2.51669726e-002	2.51669726e-002	0.00000000e+000	
1.22406938e-003	2.51668315e-002	2.51668315e-002	0.00000000e+000	
1.22732488e-003	2.51666905e-002	2.51666905e-002	0.00000000e+000	
1.23058039e-003	2.51665494e-002	2.51665494e-002	0.00000000e+000	
1.23383589e-003	2.51664091e-002	2.51664091e-002	0.00000000e+000	
1.23709139e-003	2.51662712e-002	2.51662712e-002	0.00000000e+000	
1.24034690e-003	2.51661333e-002	2.51661333e-002	0.00000000e+000	
1.24360240e-003	2.51659954e-002	2.51659954e-002	0.00000000e+000	
1.24685791e-003	2.51658575e-002	2.51658575e-002	0.00000000e+000	
1.25011341e-003	2.51657197e-002	2.51657197e-002	0.00000000e+000	
1.25336891e-003	2.51655818e-002	2.51655818e-002	0.00000000e+000	
1.25662442e-003	2.51654439e-002	2.51654439e-002	0.00000000e+000	
1.25987992e-003	2.51653060e-002	2.51653060e-002	0.00000000e+000	
1.26313542e-003	2.51651681e-002	2.51651681e-002	0.00000000e+000	
1.26639093e-003	2.51650303e-002	2.51650303e-002	0.00000000e+000	
1.26964643e-003	2.51648924e-002	2.51648924e-002	0.00000000e+000	
1.27290193e-003	2.51647545e-002	2.51647545e-002	0.00000000e+000	
1.27615744e-003	2.51646166e-002	2.51646166e-002	0.00000000e+000	
1.27941294e-003	2.51644787e-002	2.51644787e-002	0.00000000e+000	
1.28266845e-003	2.51643409e-002	2.51643409e-002	0.00000000e+000	
1.28592395e-003	2.51642030e-002	2.51642030e-002	0.00000000e+000	
1.28917945e-003	2.51640651e-002	2.51640651e-002	0.00000000e+000	
1.29243496e-003	2.51639272e-002	2.51639272e-002	0.00000000e+000	
1.29569046e-003	2.51637893e-002	2.51637893e-002	0.00000000e+000	
1.29894596e-003	2.51636515e-002	2.51636515e-002	0.00000000e+000	
1.30220147e-003	2.51635136e-002	2.51635136e-002	0.00000000e+000	
1.30545697e-003	2.51633757e-002	2.51633757e-002	0.00000000e+000	
1.30871247e-003	2.51632373e-002	2.51632373e-002	0.00000000e+000	
1.31196798e-003	2.51630988e-002	2.51630988e-002	0.00000000e+000	
1.31522348e-003	2.51629603e-002	2.51629603e-002	0.00000000e+000	
1.31847899e-003	2.51628218e-002	2.51628218e-002	0.00000000e+000	
1.32173449e-003	2.51626833e-002	2.51626833e-002	0.00000000e+000	
1.32498999e-003	2.51625449e-002	2.51625449e-002	0.00000000e+000	
1.32824550e-003	2.51624064e-002	2.51624064e-002	0.00000000e+000	
1.33150100e-003	2.51622679e-002	2.51622679e-002	0.00000000e+000	
1.33475650e-003	2.51621294e-002	2.51621294e-002	0.00000000e+000	
1.33801201e-003	2.51619909e-002	2.51619909e-002	0.00000000e+000	
1.34126751e-003	2.51618524e-002	2.51618524e-002	0.00000000e+000	
1.34452302e-003	2.51617139e-002	2.51617139e-002	0.00000000e+000	
1.34777852e-003	2.51615754e-002	2.51615754e-002	0.00000000e+000	
1.35103402e-003	2.51614370e-002	2.51614370e-002	0.00000000e+000	
1.35428953e-003	2.51612985e-002	2.51612985e-002	0.00000000e+000	
1.35754503e-003	2.51611600e-002	2.51611600e-002	0.00000000e+000	
1.36080053e-003	2.51610215e-002	2.51610215e-002	0.00000000e+000	
1.36405604e-003	2.51608830e-002	2.51608830e-002	0.00000000e+000	
1.36731154e-003	2.51607445e-002	2.51607445e-002	0.00000000e+000	
1.37056704e-003	2.51606060e-002	2.51606060e-002	0.00000000e+000	
1.37382255e-003	2.51604676e-002	2.51604676e-002	0.00000000e+000	
1.37707805e-003	2.51603291e-002	2.51603291e-002	0.00000000e+000	
1.38033356e-003	2.51601906e-002	2.51601906e-002	0.00000000e+000	
1.38358906e-003	2.51600521e-002	2.51600521e-002	0.00000000e+000	
1.38684456e-003	2.51599136e-002	2.51599136e-002	0.00000000e+000	
1.39010007e-003	2.51597751e-002	2.51597751e-002	0.00000000e+000	
1.39335557e-003	2.51596366e-002	2.51596366e-002	0.00000000e+000	
1.39661107e-003	2.51594982e-002	2.51594982e-002	0.00000000e+000	
1.39986658e-003	2.51593597e-002	2.51593597e-002	0.00000000e+000	
1.40312208e-003	2.51592212e-002	2.51592212e-002	0.00000000e+000	
1.40637759e-003	2.51590827e-002	2.51590827e-002	0.00000000e+000	
1.40963309e-003	2.51589442e-002	2.51589442e-002	0.00000000e+000	
1.41288859e-003	2.51588057e-002	2.51588057e-002	0.00000000e+000	
1.41614410e-003	2.51586672e-002	2.51586672e-002	0.00000000e+000	
1.41939960e-003	2.51585288e-002	2.51585288e-002	0.00000000e+000	
1.42265510e-003	2.51583903e-002	2.51583903e-002	0.00000000e+000	
1.42591061e-003	2.51582518e-002	2.51582518e-002	0.00000000e+000	
1.42916611e-003	2.51581133e-002	2.51581133e-002	0.00000000e+000	
1.43242161e-003	2.51579748e-002	2.51579748e-002	0.00000000e+000	
1.43567712e-003	2.51578363e-002	2.51578363e-002	0.00000000e+000	
1.43893262e-003	2.51576978e-002	2.51576978e-002	0.00000000e+000	
1.44218813e-003	2.51575594e-002	2.51575594e-002	0.00000000e+000	
1.44544363e-003	2.51574209e-002	2.51574209e-002	0.00000000e+000	
1.44869913e-003	2.51572824e-002	2.51572824e-002	0.00000000e+000	
1.45195464e-003	2.51571439e-002	2.51571439e-002	0.00000000e+000	
1.45521014e-003	2.51570054e-002	2.51570054e-002	0.00000000e+000	
1.45846564e-003	2.51568669e-002	2.51568669e-002	0.00000000e+000	
1.46172115e-003	2.51567284e-002	2.51567284e-002	0.00000000e+000	
1.46497665e-003	2.51565900e-002	2.51565900e-002	0.00000000e+000	
1.46823215e-003	2.51564515e-002	2.51564515e-002	0.00000000e+000	
1.47148766e-003	2.51563130e-002	2.51563130e-002	0.00000000e+000	
1.47474316e-003	2.51561745e-002	2.51561745e-002	0.00000000e+000	
1.47799867e-003	2.51560360e-002	2.51560360e-002	0.00000000e+000	
1.48125417e-003	2.51558975e-002	2.51558975e-002	0.00000000e+000	
1.48450967e-003	2.51557590e-002	2.51557590e-002	0.00000000e+000	
1.48776518e-003	2.51556206e-002	2.51556206e-002	0.00000000e+000	
1.49102068e-003	2.51554821e-002	2.51554821e-002	0.00000000e+000	
1.49427618e-003	2.51553436e-002	2.51553436e-002	0.00000000e+000	
1.49753169e-003	2.51552051e-002	2.51552051e-002	0.00000000e+000	
1.50078719e-003	2.51550666e-002	2.51550666e-002	0.00000000e+000	
1.50404270e-003	2.51549281e-002	2.51549281e-002	0.00000000e+000	
1.50729820e-003	2.51547896e-002	2.51547896e-002	0.00000000e+000	
1.51055370e-003	2.51546512e-002	2.51546512e-002	0.00000000e+000	
1.51380921e-003	2.51545127e-002	2.51545127e-002	0.00000000e+000	
1.51706471e-003	2.51543742e-002	2.51543742e-002	0.00000000e+000	
1.52032021e-003	2.51542357e-002	2.51542357e-002	0.00000000e+000	
1.52357572e-003	2.51540972e-002	2.51540972e-002	0.00000000e+000	
1.52683122e-003	2.51539587e-002	2.51539587e-002	0.00000000e+000	
1.53008672e-003	2.51538202e-002	2.51538202e-002	0.00000000e+000	
1.53334223e-003	2.51536818e-002	2.51536818e-002	0.00000000e+000	
1.53659773e-003	2.51535433e-002	2.51535433e-002	0.00000000e+000	
1.53985324e-003	2.51534048e-002	2.51534048e-002	0.00000000e+000	
1.54310874e-003	2.51532663e-002	2.51532663e-002	0.00000000e+000	
1.54636424e-003	2.51531278e-002	2.51531278e-002	0.00000000e+000	
1.54961975e-003	2.51529893e-002	2.51529893e-002	0.00000000e+000	
1.55287525e-003	2.51528508e-002	2.51528508e-002	0.00000000e+000	
1.55613075e-003	2.51527124e-002	2.51527124e-002	0.00000000e+000	
1.55938626e-003	2.51525739e-002	2.51525739e-002	0.00000000e+000	
1.56264176e-003	2.51524354e-002	2.51524354e-002	0.00000000e+000	
1.56589726e-003	2.51522969e-002	2.51522969e-002	0.00000000e+000	
1.56915277e-003	2.51521584e-002	2.51521584e-002	0.00000000e+000	
1.57240827e-003	2.51520199e-002	2.51520199e-002	0.00000000e+000	
1.57566378e-003	2.51518814e-002	2.51518814e-002	0.00000000e+000	
1.57891928e-003	2.51517430e-002	2.51517430e-002	0.00000000e+000	
1.58217478e-003	2.51516045e-002	2.51516045e-002	0.00000000e+000	
1.58543029e-003	2.51514660e-002	2.51514660e-002	0.00000000e+000	
1.58868579e-003	2.51513275e-002	2.51513275e-002	0.00000000e+000	
1.59194129e-003	2.51511890e-002	2.51511890e-002	0.00000000e+000	
1.59519680e-003	2.51510505e-002	2.51510505e-002	0.00000000e+000	
1.59845230e-003	2.51509120e-002	2.51509120e-002	0.00000000e+000	
1.60170781e-003	2.51507736e-002	2.51507736e-002	0.00000000e+000	
1.60496331e-003	2.51506351e-002	2.51506351e-002	0.00000000e+000	
1.60821881e-003	2.51504966e-002	2.51504966e-002	0.00000000e+000	
1.61147432e-003	2.51503581e-002	2.51503581e-002	0.00000000e+000	
1.61472982e-003	2.51502196e-002	2.51502196e-002	0.00000000e+000	
1.61798532e-003	2.51500811e-002	2.51500811e-002	0.00000000e+000	
1.62124083e-003	2.51499426e-002	2.51499426e-002	0.00000000e+000	
1.62449633e-003	2.51498042e-002	2.51498042e-002	0.00000000e+000	
1.62775183e-003	2.51496657e-002	2.51496657e-002	0.00000000e+000	
1.63100734e-003	2.51495272e-002	2.51495272e-002	0.00000000e+000	
1.63426284e-003	2.51493887e-002	2.51493887e-002	0.00000000e+000	
1.63751835e-003	2.51492502e-002	2.51492502e-002	0.00000000e+000	
1.64077385e-003	2.51491117e-002	2.51491117e-002	0.00000000e+000	
1.64402935e-003	2.51489732e-002	2.51489732e-002	0.00000000e+000	
1.64728486e-003	2.51488348e-002	2.51488348e-002	0.00000000e+000	
1.65054036e-003	2.51486963e-002	2.51486963e-002	0.00000000e+000	
1.65379586e-003	2.51485578e-002	2.51485578e-002	0.00000000e+000	
1.65705137e-003	2.51484193e-002	2.51484193e-002	0.00000000e+000	
1.66030687e-003	2.51482808e-002	2.51482808e-002	0.00000000e+000	
1.66356237e-003	2.51481423e-002	2.51481423e-002	0.00000000e+000	
1.66681788e-003	2.51480038e-002	2.51480038e-002	0.00000000e+000	
1.67007338e-003	2.51478654e-002	2.51478654e-002	0.00000000e+000	
1.67332889e-003	2.51477269e-002	2.51477269e-002	0.00000000e+000	
1.67658439e-003	2.51475884e-002	2.51475884e-002	0.00000000e+000	
1.67983989e-003	2.51474499e-002	2.51474499e-002	0.00000000e+000	
1.68309540e-003	2.51473114e-002	2.51473114e-002	0.00000000e+000	
1.68635090e-003	2.51471729e-002	2.51471729e-002	0.00000000e+000	
1.68960640e-003	2.51470344e-002	2.51470344e-002	0.00000000e+000	
1.69286191e-003	2.51468960e-002	2.51468960e-002	0.00000000e+000	
1.69611741e-003	2.51467575e-002	2.51467575e-002	0.00000000e+000	
1.69937292e-003	2.51466190e-002	2.51466190e-002	0.00000000e+000	
1.70262842e-003	2.51464805e-002	2.51464805e-002	0.00000000e+000	
1.70588392e-003	2.51463420e-002	2.51463420e-002	0.00000000e+000	
1.70913943e-003	2.51462035e-002	2.51462035e-002	0.00000000e+000	
1.71239493e-003	2.51460650e-002	2.51460650e-002	0.00000000e+000	
1.71565043e-003	2.51459266e-002	2.51459266e-002	0.00000000e+000	
1.71890594e-003	2.51457881e-002	2.51457881e-002	0.00000000e+000	
1.72216144e-003	2.51456496e-002	2.51456496e-002	0.00000000e+000	
1.72541694e-003	2.51455111e-002	2.51455111e-002	0.00000000e+000	
1.72867245e-003	2.51453726e-002	2.51453726e-002	0.00000000e+000	
1.73192795e-003	2.51452341e-002	2.51452341e-002	0.00000000e+000	
1.73518346e-003	2.51450956e-002	2.51450956e-002	0.00000000e+000	
1.73843896e-003	2.51449572e-002	2.51449572e-002	0.00000000e+000	
1.74169446e-003	2.51448187e-002	2.51448187e-002	0.00000000e+000	
1.74494997e-003	2.51446802e-002	2.51446802e-002	0.00000000e+000	
1.74820547e-003	2.51445417e-002	2.51445417e-002	0.00000000e+000	
1.75146097e-003	2.51444032e-002	2.51444032e-002	0.00000000e+000	
1.75471648e-003	2.51442647e-002	2.51442647e-002	0.00000000e+000	
1.75797198e-003	2.51441262e-002	2.51441262e-002	0.00000000e+000	
1.76122748e-003	2.51439878e-002	2.51439878e-002	0.00000000e+000	
1.76448299e-003	2.51438493e-002	2.51438493e-002	0.00000000e+000	
1.76773849e-003	2.51437108e-002	2.51437108e-002	0.00000000e+000	
1.77099400e-003	2.51435723e-002	2.51435723e-002	0.00000000e+000	
1.77424950e-003	2.51434338e-002	2.51434338e-002	0.00000000e+000	
1.77750500e-003	2.51432953e-002	2.51432953e-002	0.00000000e+000	
1.78076051e-003	2.51431568e-002	2.51431568e-002	0.00000000e+000	
1.78401601e-003	2.51430184e-002	2.51430184e-002	0.00000000e+000	
1.78727151e-003	2.51428799e-002	2.51428799e-002	0.00000000e+000	
1.79052702e-003	2.51427414e-002	2.51427414e-002	0.00000000e+000	
1.79378252e-003	2.51426029e-002	2.51426029e-002	0.00000000e+000	
1.79703803e-003	2.51424644e-002	2.51424644e-002	0.00000000e+000	
1.80029353e-003	2.51423259e-002	2.51423259e-002	0.00000000e+000	
1.80354903e-003	2.51421874e-002	2.51421874e-002	0.00000000e+000	
1.80680454e-003	2.51420490e-002	2.51420490e-002	0.00000000e+000	
1.81006004e-003	2.51419105e-002	2.51419105e-002	0.00000000e+000	
1.81331554e-003	2.51417720e-002	2.51417720e-002	0.00000000e+000	
1.81657105e-003	2.51416335e-002	2.51416335e-002	0.00000000e+000	
1.81982655e-003	2.51414950e-002	2.51414950e-002	0.00000000e+000	
1.82308205e-003	2.51413561e-002	2.51413561e-002	0.00000000e+000	
1.82633756e-003	2.51412108e-002	2.51412108e-002	0.00000000e+000	
1.82959306e-003	2.51410655e-002	2.51410655e-002	0.00000000e+000	
1.83284857e-003	2.51409201e-002	2.51409201e-002	0.00000000e+000	
1.83610407e-003	2.51407748e-002	2.51407748e-002	0.00000000e+000	
1.83935957e-003	2.51406295e-002	2.51406295e-002	0.00000000e+000	
1.84261508e-003	2.51404842e-002	2.51404842e-002	0.00000000e+000	
1.84587058e-003	2.51403389e-002	2.51403389e-002	0.00000000e+000	
1.84912608e-003	2.51401936e-002	2.51401936e-002	0.00000000e+000	
1.85238159e-003	2.51400483e-002	2.51400483e-002	0.00000000e+000	
1.85563709e-003	2.51399030e-002	2.51399030e-002	0.00000000e+000	
1.85889260e-003	2.51397577e-002	2.51397577e-002	0.00000000e+000	
1.86214810e-003	2.51396124e-002	2.51396124e-002	0.00000000e+000	
1.86540360e-003	2.51394671e-002	2.51394671e-002	0.00000000e+000	
1.86865911e-003	2.51393218e-002	2.51393218e-002	0.00000000e+000	
1.87191461e-003	2.51391764e-002	2.51391764e-002	0.00000000e+000	
1.87517011e-003	2.51390311e-002	2.51390311e-002	0.00000000e+000	
1.87842562e-003	2.51388858e-002	2.51388858e-002	0.00000000e+000	
1.88168112e-003	2.51387405e-002	2.51387405e-002	0.00000000e+000	
1.88493662e-003	2.51385952e-002	2.51385952e-002	0.00000000e+000	
1.88819213e-003	2.51384499e-002	2.51384499e-002	0.00000000e+000	
1.89144763e-003	2.51383046e-002	2.51383046e-002	0.00000000e+000	
1.89470314e-003	2.51381593e-002	2.51381593e-002	0.00000000e+000	
1.89795864e-003	2.51380078e-002	2.51380078e-002	0.00000000e+000	
1.90121414e-003	2.51378523e-002	2.51378523e-002	0.00000000e+000	
1.90446965e-003	2.51376967e-002	2.51376967e-002	0.00000000e+000	
1.90772515e-003	2.51375411e-002	2.51375411e-002	0.00000000e+000	
1.91098065e-003	2.51373855e-002	2.51373855e-002	0.00000000e+000	
1.91423616e-003	2.51372299e-002	2.51372299e-002	0.00000000e+000	
1.91749166e-003	2.51370743e-002	2.51370743e-002	0.00000000e+000	
1.92074716e-003	2.51369188e-002	2.51369188e-002	0.00000000e+000	
1.92400267e-003	2.51367632e-002	2.51367632e-002	0.00000000e+000	
1.92725817e-003	2.51366076e-002	2.51366076e-002	0.00000000e+000	
1.93051368e-003	2.51364520e-002	2.51364520e-002	0.00000000e+000	
1.93376918e-003	2.51362964e-002	2.51362964e-002	0.00000000e+000	
1.93702468e-003	2.51361409e-002	2.51361409e-002	0.00000000e+000	
1.94028019e-003	2.51359853e-002	2.51359853e-002	0.00000000e+000	
1.94353569e-003	2.51358297e-002	2.51358297e-002	0.00000000e+000	
1.94679119e-003	2.51356741e-002	2.51356741e-002	0.00000000e+000	
1.95004670e-003	2.51355185e-002	2.51355185e-002	0.00000000e+000	
1.95330220e-003	2.51353630e-002	2.51353630e-002	0.00000000e+000	
1.95655771e-003	2.51352074e-002	2.51352074e-002	0.00000000e+000	
1.95981321e-003	2.51350518e-002	2.51350518e-002	0.00000000e+000	
1.96306871e-003	2.51348962e-002	2.51348962e-002	0.00000000e+000	
1.96632422e-003	2.51347406e-002	2.51347406e-002	0.00000000e+000	
1.96957972e-003	2.51345850e-002	2.51345850e-002	0.00000000e+000	
1.97283522e-003	2.51344295e-002	2.51344295e-002	0.00000000e+000	
1.97609073e-003	2.51342739e-002	2.51342739e-002	0.00000000e+000	
1.97934623e-003	2.51341183e-002	2.51341183e-002	0.00000000e+000	
1.98260173e-003	2.51339627e-002	2.51339627e-002	0.00000000e+000	
1.98585724e-003	2.51338071e-002	2.51338071e-002	0.00000000e+000	
1.98911274e-003	2.51336516e-002	2.51336516e-002	0.00000000e+000	
1.99236825e-003	2.51334960e-002	2.51334960e-002	0.00000000e+000	
1.99562375e-003	2.51333404e-002	2.51333404e-002	0.00000000e+000	
1.99887925e-003	2.51331848e-002	2.51331848e-002	0.00000000e+000	
2.00213476e-003	2.51330292e-002	2.51330292e-002	0.00000000e+000	
2.00539026e-003	2.51328737e-002	2.51328737e-002	0.00000000e+000	
2.00864576e-003	2.51327181e-002	2.51327181e-002	0.00000000e+000	
2.01190127e-003	2.51325625e-002	2.51325625e-002	0.00000000e+000	
2.01515677e-003	2.51324069e-002	2.51324069e-002	0.00000000e+000	
2.01841227e-003	2.51322513e-002	2.51322513e-002	0.00000000e+000	
2.02166778e-003	2.51320957e-002	2.51320957e-002	0.00000000e+000	
2.02492328e-003	2.51319402e-002	2.51319402e-002	0.00000000e+000	
2.02817879e-003	2.51317846e-002	2.51317846e-002	0.00000000e+000	
2.03143429e-003	2.51316290e-002	2.51316290e-002	0.00000000e+000	
2.03468979e-003	2.51314734e-002	2.51314734e-002	0.00000000e+000	
2.03794530e-003	2.51313178e-002	2.51313178e-002	0.00000000e+000	
2.04120080e-003	2.51311623e-002	2.51311623e-002	0.00000000e+000	
2.04445630e-003	2.51310067e-002	2.51310067e-002	0.00000000e+000	
2.04771181e-003	2.51308511e-002	2.51308511e-002	0.00000000e+000	
2.05096731e-003	2.51306955e-002	2.51306955e-002	0.00000000e+000	
2.05422282e-003	2.51305399e-002	2.51305399e-002	0.00000000e+000	
2.05747832e-003	2.51303844e-002	2.51303844e-002	0.00000000e+000	
2.06073382e-003	2.51302288e-002	2.51302288e-002	0.00000000e+000	
2.06398933e-003	2.51300732e-002	2.51300732e-002	0.00000000e+000	
2.06724483e-003	2.51299176e-002	2.51299176e-002	0.00000000e+000	
2.07050033e-003	2.51297620e-002	2.51297620e-002	0.00000000e+000	
2.07375584e-003	2.51296064e-002	2.51296064e-002	0.00000000e+000	
2.07701134e-003	2.51294509e-002	2.51294509e-002	0.00000000e+000	
2.08026684e-003	2.51292953e-002	2.51292953e-002	0.00000000e+000	
2.08352235e-003	2.51291397e-002	2.51291397e-002	0.00000000e+000	
2.08677785e-003	2.51289841e-002	2.51289841e-002	0.00000000e+000	
2.09003336e-003	2.51288285e-002	2.51288285e-002	0.00000000e+000	
2.09328886e-003	2.51286730e-002	2.51286730e-002	0.00000000e+000	
2.09654436e-003	2.51285174e-002	2.51285174e-002	0.00000000e+000	
2.09979987e-003	2.51283618e-002	2.51283618e-002	0.00000000e+000	
2.10305537e-003	2.51282062e-002	2.51282062e-002	0.00000000e+000	
2.10631087e-003	2.51280506e-002	2.51280506e-002	0.00000000e+000	
2.10956638e-003	2.51278951e-002	2.51278951e-002	0.00000000e+000	
2.11282188e-003	2.51277395e-002	2.51277395e-002	0.00000000e+000	
2.11607738e-003	2.51275839e-002	2.51275839e-002	0.00000000e+000	
2.11933289e-003	2.51274283e-002	2.51274283e-002	0.00000000e+000	
2.12258839e-003	2.51272727e-002	2.51272727e-002	0.00000000e+000	
2.12584390e-003	2.51271171e-002	2.51271171e-002	0.00000000e+000	
2.12909940e-003	2.51269616e-002	2.51269616e-002	0.00000000e+000	
2.13235490e-003	2.51268060e-002	2.51268060e-002	0.00000000e+000	
2.13561041e-003	2.51266504e-002	2.51266504e-002	0.00000000e+000	
2.13886591e-003	2.51264948e-002	2.51264948e-002	0.00000000e+000	
2.14212141e-003	2.51263392e-002	2.51263392e-002	0.00000000e+000	
2.14537692e-003	2.51261837e-002	2.51261837e-002	0.00000000e+000	
2.14863242e-003	2.51260281e-002	2.51260281e-002	0.00000000e+000	
2.15188793e-003	2.51258725e-002	2.51258725e-002	0.00000000e+000	
2.15514343e-003	2.51257169e-002	2.51257169e-002	0.00000000e+000	
2.15839893e-003	2.51255613e-002	2.51255613e-002	0.00000000e+000	
2.16165444e-003	2.51254058e-002	2.51254058e-002	0.00000000e+000	
2.16490994e-003	2.51252502e-002	2.51252502e-002	0.00000000e+000	
2.16816544e-003	2.51250946e-002	2.51250946e-002	0.00000000e+000	
2.17142095e-003	2.51249390e-002	2.51249390e-002	0.00000000e+000	
2.17467645e-003	2.51247834e-002	2.51247834e-002	0.00000000e+000	
2.17793195e-003	2.51246278e-002	2.51246278e-002	0.00000000e+000	
2.18118746e-003	2.51244723e-002	2.51244723e-002	0.00000000e+000	
2.18444296e-003	2.51243167e-002	2.51243167e-002	0.00000000e+000	
2.18769847e-003	2.51241611e-002	2.51241611e-002	0.00000000e+000	
2.19095397e-003	2.51240055e-002	2.51240055e-002	0.00000000e+000	
2.19420947e-003	2.51238499e-002	2.51238499e-002	0.00000000e+000	
2.19746498e-003	2.51236944e-002	2.51236944e-002	0.00000000e+000	
2.20072048e-003	2.51235388e-002	2.51235388e-002	0.00000000e+000	
2.20397598e-003	2.51233832e-002	2.51233832e-002	0.00000000e+000	
2.20723149e-003	2.51232276e-002	2.51232276e-002	0.00000000e+000	
2.21048699e-003	2.51230720e-002	2.51230720e-002	0.00000000e+000	
2.21374249e-003	2.51229165e-002	2.51229165e-002	0.00000000e+000	
2.21699800e-003	2.51227609e-002	2.51227609e-002	0.00000000e+000	
2.22025350e-003	2.51226053e-002	2.51226053e-002	0.00000000e+000	
2.22350901e-003	2.51224497e-002	2.51224497e-002	0.00000000e+000	
2.22676451e-003	2.51222941e-002	2.51222941e-002	0.00000000e+000	
2.23002001e-003	2.51221385e-002	2.51221385e-002	0.00000000e+000	
2.23327552e-003	2.51219830e-002	2.51219830e-002	0.00000000e+000	
2.23653102e-003	2.51218274e-002	2.51218274e-002	0.00000000e+000	
2.23978652e-003	2.51216718e-002	2.51216718e-002	0.00000000e+000	
2.24304203e-003	2.51215162e-002	2.51215162e-002	0.00000000e+000	
2.24629753e-003	2.51213606e-002	2.51213606e-002	0.00000000e+000	
2.24955304e-003	2.51212051e-002	2.51212051e-002	0.00000000e+000	
2.25280854e-003	2.51210495e-002	2.51210495e-002	0.00000000e+000	
2.25606404e-003	2.51208939e-002	2.51208939e-002	0.00000000e+000	
2.25931955e-003	2.51207383e-002	2.51207383e-002	0.00000000e+000	
2.26257505e-003	2.51205827e-002	2.51205827e-002	0.00000000e+000	
2.26583055e-003	2.51204272e-002	2.51204272e-002	0.00000000e+000	
2.26908606e-003	2.51202716e-002	2.51202716e-002	0.00000000e+000	
2.27234156e-003	2.51201160e-002	2.51201160e-002	0.00000000e+000	
2.27559706e-003	2.51199604e-002	2.51199604e-002	0.00000000e+000	
2.27885257e-003	2.51198048e-002	2.51198048e-002	0.00000000e+000	
2.28210807e-003	2.51196492e-002	2.51196492e-002	0.00000000e+000	
2.28536358e-003	2.51194937e-002	2.51194937e-002	0.00000000e+000	
2.28861908e-003	2.51193381e-002	2.51193381e-002	0.00000000e+000	
2.29187458e-003	2.51191825e-002	2.51191825e-002	0.00000000e+000	
2.29513009e-003	2.51190269e-002	2.51190269e-002	0.00000000e+000	
2.29838559e-003	2.51188713e-002	2.51188713e-002	0.00000000e+000	
2.30164109e-003	2.51187158e-002	2.51187158e-002	0.00000000e+000	
2.30489660e-003	2.51185602e-002	2.51185602e-002	0.00000000e+000	
2.30815210e-003	2.51184046e-002	2.51184046e-002	0.00000000e+000	
2.31140761e-003	2.51182490e-002	2.51182490e-002	0.00000000e+000	
2.31466311e-003	2.51180934e-002	2.51180934e-002	0.00000000e+000	
2.31791861e-003	2.51179379e-002	2.51179379e-002	0.00000000e+000	
2.32117412e-003	2.51177823e-002	2.51177823e-002	0.00000000e+000	
2.32442962e-003	2.51176267e-002	2.51176267e-002	0.00000000e+000	
2.32768512e-003	2.51174711e-002	2.51174711e-002	0.00000000e+000	
2.33094063e-003	2.51173155e-002	2.51173155e-002	0.00000000e+000	
2.33419613e-003	2.51171599e-002	2.51171599e-002	0.00000000e+000	
2.33745163e-003	2.51170044e-002	2.51170044e-002	0.00000000e+000	
2.34070714e-003	2.51168488e-002	2.51168488e-002	0.00000000e+000	
2.34396264e-003	2.51166932e-002	2.51166932e-002	0.00000000e+000	
2.34721815e-003	2.51165376e-002	2.51165376e-002	0.00000000e+000	
2.35047365e-003	2.51163820e-002	2.51163820e-002	0.00000000e+000	
2.35372915e-003	2.51162265e-002	2.51162265e-002	0.00000000e+000	
2.35698466e-003	2.51160709e-002	2.51160709e-002	0.00000000e+000	
2.36024016e-003	2.51159153e-002	2.51159153e-002	0.00000000e+000	
2.36349566e-003	2.51157597e-002	2.51157597e-002	0.00000000e+000	
2.36675117e-003	2.51156041e-002	2.51156041e-002	0.00000000e+000	
2.37000667e-003	2.51154486e-002	2.51154486e-002	0.00000000e+000	
2.37326217e-003	2.51152930e-002	2.51152930e-002	0.00000000e+000	
2.37651768e-003	2.51151374e-002	2.51151374e-002	0.00000000e+000	
2.37977318e-003	2.51149818e-002	2.51149818e-002	0.00000000e+000	
2.38302869e-003	2.51148262e-002	2.51148262e-002	0.00000000e+000	
2.38628419e-003	2.51146706e-002	2.51146706e-002	0.00000000e+000	
2.38953969e-003	2.51145151e-002	2.51145151e-002	0.00000000e+000	
2.39279520e-003	2.51143595e-002	2.51143595e-002	0.00000000e+000	
2.39605070e-003	2.51142039e-002	2.51142039e-002	0.00000000e+000	
2.39930620e-003	2.51140483e-002	2.51140483e-002	0.00000000e+000	
2.40256171e-003	2.51138927e-002	2.51138927e-002	0.00000000e+000	
2.40581721e-003	2.51137372e-002	2.51137372e-002	0.00000000e+000	
2.40907272e-003	2.51135816e-002	2.51135816e-002	0.00000000e+000	
2.41232822e-003	2.51134260e-002	2.51134260e-002	0.00000000e+000	
2.41558372e-003	2.51132704e-002	2.51132704e-002	0.00000000e+000	
2.41883923e-003	2.51131148e-002	2.51131148e-002	0.00000000e+000	
2.42209473e-003	2.51129593e-002	2.51129593e-002	0.00000000e+000	
2.42535023e-003	2.51127920e-002	2.51127920e-002	0.00000000e+000	
2.42860574e-003	2.51126137e-002	2.51126137e-002	0.00000000e+000	
2.43186124e-003	2.51124355e-002	2.51124355e-002	0.00000000e+000	
2.43511674e-003	2.51122572e-002	2.51122572e-002	0.00000000e+000	
2.43837225e-003	2.51120789e-002	2.51120789e-002	0.00000000e+000	
2.44162775e-003	2.51119006e-002	2.51119006e-002	0.00000000e+000	
2.44488326e-003	2.51117223e-002	2.51117223e-002	0.00000000e+000	
2.44813876e-003	2.51115441e-002	2.51115441e-002	0.00000000e+000	
2.45139426e-003	2.51113658e-002	2.51113658e-002	0.00000000e+000	
2.45464977e-003	2.51111875e-002	2.51111875e-002	0.00000000e+000	
2.45790527e-003	2.51110092e-002	2.51110092e-002	0.00000000e+000	
2.46116077e-003	2.51108309e-002	2.51108309e-002	0.00000000e+000	
2.46441628e-003	2.51106526e-002	2.51106526e-002	0.00000000e+000	
2.46767178e-003	2.51104744e-002	2.51104744e-002	0.00000000e+000	
2.47092728e-003	2.51102961e-002	2.51102961e-002	0.00000000e+000	
2.47418279e-003	2.51101178e-002	2.51101178e-002	0.00000000e+000	
2.47743829e-003	2.51099395e-002	2.51099395e-002	0.00000000e+000	
2.48069380e-003	2.51097612e-002	2.51097612e-002	0.00000000e+000	
2.48394930e-003	2.51095830e-002	2.51095830e-002	0.00000000e+000	
2.48720480e-003	2.51094047e-002	2.51094047e-002	0.00000000e+000	
2.49046031e-003	2.51092264e-002	2.51092264e-002	0.00000000e+000	
2.49371581e-003	2.51090481e-002	2.51090481e-002	0.00000000e+000	
2.49697131e-003	2.51088698e-002	2.51088698e-002	0.00000000e+000	
2.50022682e-003	2.51086915e-002	2.51086915e-002	0.00000000e+000	
2.50348232e-003	2.51085133e-002	2.51085133e-002	0.00000000e+000	
2.50673783e-003	2.51083350e-002	2.51083350e-002	0.00000000e+000	
2.50999333e-003	2.51081567e-002	2.51081567e-002	0.00000000e+000	
2.51324883e-003	2.51079784e-002	2.51079784e-002	0.00000000e+000	
2.51650434e-003	2.51078001e-002	2.51078001e-002	0.00000000e+000	
2.51975984e-003	2.51076219e-002	2.51076219e-002	0.00000000e+000	
2.52301534e-003	2.51074424e-002	2.51074424e-002	0.00000000e+000	
2.52627085e-003	2.51072599e-002	2.51072599e-002	0.00000000e+000	
2.52952635e-003	2.51070773e-002	2.51070773e-002	0.00000000e+000	
2.53278185e-003	2.51068948e-002	2.51068948e-002	0.00000000e+000	
2.53603736e-003	2.51067123e-002	2.51067123e-002	0.00000000e+000	
2.53929286e-003	2.51065298e-002	2.51065298e-002	0.00000000e+000	
2.54254837e-003	2.51063472e-002	2.51063472e-002	0.00000000e+000	
2.54580387e-003	2.51061647e-002	2.51061647e-002	0.00000000e+000	
2.54905937e-003	2.51059822e-002	2.51059822e-002	0.00000000e+000	
2.55231488e-003	2.51057997e-002	2.51057997e-002	0.00000000e+000	
2.55557038e-003	2.51056171e-002	2.51056171e-002	0.00000000e+000	
2.55882588e-003	2.51054346e-002	2.51054346e-002	0.00000000e+000	
2.56208139e-003	2.51052521e-002	2.51052521e-002	0.00000000e+000	
2.56533689e-003	2.51050696e-002	2.51050696e-002	0.00000000e+000	
2.56859239e-003	2.51048870e-002	2.51048870e-002	0.00000000e+000	
2.57184790e-003	2.51047045e-002	2.51047045e-002	0.00000000e+000	
2.57510340e-003	2.51045220e-002	2.51045220e-002	0.00000000e+000	
2.57835891e-003	2.51043395e-002	2.51043395e-002	0.00000000e+000	
2.58161441e-003	2.51041570e-002	2.51041570e-002	0.00000000e+000	
2.58486991e-003	2.51039744e-002	2.51039744e-002	0.00000000e+000	
2.58812542e-003	2.51037919e-002	2.51037919e-002	0.00000000e+000	
2.59138092e-003	2.51036094e-002	2.51036094e-002	0.00000000e+000	
2.59463642e-003	2.51034269e-002	2.51034269e-002	0.00000000e+000	
2.59789193e-003	2.51032443e-002	2.51032443e-002	0.00000000e+000	
2.60114743e-003	2.51030618e-002	2.51030618e-002	0.00000000e+000	
2.60440294e-003	2.51028793e-002	2.51028793e-002	0.00000000e+000	
2.60765844e-003	2.51026968e-002	2.51026968e-002	0.00000000e+000	
2.61091394e-003	2.51025142e-002	2.51025142e-002	0.00000000e+000	
2.61416945e-003	2.51023317e-002	2.51023317e-002	0.00000000e+000	
2.61742495e-003	2.51021492e-002	2.51021492e-002	0.00000000e+000	
2.62068045e-003	2.51019667e-002	2.51019667e-002	0.00000000e+000	
2.62393596e-003	2.51017841e-002	2.51017841e-002	0.00000000e+000	
2.62719146e-003	2.51016016e-002	2.51016016e-002	0.00000000e+000	
2.63044696e-003	2.51014191e-002	2.51014191e-002	0.00000000e+000	
2.63370247e-003	2.51012366e-002	2.51012366e-002	0.00000000e+000	
2.63695797e-003	2.51010540e-002	2.51010540e-002	0.00000000e+000	
2.64021348e-003	2.51008715e-002	2.51008715e-002	0.00000000e+000	
2.64346898e-003	2.51006890e-002	2.51006890e-002	0.00000000e+000	
2.64672448e-003	2.51005065e-002	2.51005065e-002	0.00000000e+000	
2.64997999e-003	2.51003240e-002	2.51003240e-002	0.00000000e+000	
2.65323549e-003	2.51001414e-002	2.51001414e-002	0.00000000e+000	
2.65649099e-003	2.50999589e-002	2.50999589e-002	0.00000000e+000	
2.65974650e-003	2.50997764e-002	2.50997764e-002	0.00000000e+000	
2.66300200e-003	2.50995939e-002	2.50995939e-002	0.00000000e+000	
2.66625751e-003	2.50994113e-002	2.50994113e-002	0.00000000e+000	
2.66951301e-003	2.50992288e-002	2.50992288e-002	0.00000000e+000	
2.67276851e-003	2.50990463e-002	2.50990463e-002	0.00000000e+000	
2.67602402e-003	2.50988638e-002	2.50988638e-002	0.00000000e+000	
2.67927952e-003	2.50986812e-002	2.50986812e-002	0.00000000e+000	
2.68253502e-003	2.50984987e-002	2.50984987e-002	0.00000000e+000	
2.68579053e-003	2.50983162e-002	2.50983162e-002	0.00000000e+000	
2.68904603e-003	2.50981337e-002	2.50981337e-002	0.00000000e+000	
2.69230153e-003	2.50979511e-002	2.50979511e-002	0.00000000e+000	
2.69555704e-003	2.50977686e-002	2.50977686e-002	0.00000000e+000	
2.69881254e-003	2.50975861e-002	2.50975861e-002	0.00000000e+000	
2.70206805e-003	2.50974036e-002	2.50974036e-002	0.00000000e+000	
2.70532355e-003	2.50972211e-002	2.50972211e-002	0.00000000e+000	
2.70857905e-003	2.50970385e-002	2.50970385e-002	0.00000000e+000	
2.71183456e-003	2.50968560e-002	2.50968560e-002	0.00000000e+000	
2.71509006e-003	2.50966735e-002	2.50966735e-002	0.00000000e+000	
2.71834556e-003	2.50964910e-002	2.50964910e-002	0.00000000e+000	
2.72160107e-003	2.50963084e-002	2.50963084e-002	0.00000000e+000	
2.72485657e-003	2.50961259e-002	2.50961259e-002	0.00000000e+000	
2.72811207e-003	2.50959434e-002	2.50959434e-002	0.00000000e+000	
2.73136758e-003	2.50957609e-002	2.50957609e-002	0.00000000e+000	
2.73462308e-003	2.50955783e-002	2.50955783e-002	0.00000000e+000	
2.73787859e-003	2.50953958e-002	2.50953958e-002	0.00000000e+000	
2.74113409e-003	2.50952133e-002	2.50952133e-002	0.00000000e+000	
2.74438959e-003	2.50950308e-002	2.50950308e-002	0.00000000e+000	
2.74764510e-003	2.50948482e-002	2.50948482e-002	0.00000000e+000	
2.75090060e-003	2.50946657e-002	2.50946657e-002	0.00000000e+000	
2.75415610e-003	2.50944832e-002	2.50944832e-002	0.00000000e+000	
2.75741161e-003	2.50943007e-002	2.50943007e-002	0.00000000e+000	
2.76066711e-003	2.50941182e-002	2.50941182e-002	0.00000000e+000	
2.76392262e-003	2.50939356e-002	2.50939356e-002	0.00000000e+000	
2.76717812e-003	2.50937531e-002	2.50937531e-002	0.00000000e+000	
2.77043362e-003	2.50935706e-002	2.50935706e-002	0.00000000e+000	
2.77368913e-003	2.50933881e-002	2.50933881e-002	0.00000000e+000	
2.77694463e-003	2.50932055e-002	2.50932055e-002	0.00000000e+000	
2.78020013e-003	2.50930230e-002	2.50930230e-002	0.00000000e+000	
2.78345564e-003	2.50928405e-002	2.50928405e-002	0.00000000e+000	
2.78671114e-003	2.50926580e-002	2.50926580e-002	0.00000000e+000	
2.78996664e-003	2.50924754e-002	2.50924754e-002	0.00000000e+000	
2.79322215e-003	2.50922929e-002	2.50922929e-002	0.00000000e+000	
2.79647765e-003	2.50921104e-002	2.50921104e-002	0.00000000e+000	
2.79973316e-003	2.50919279e-002	2.50919279e-002	0.00000000e+000	
2.80298866e-003	2.50917453e-002	2.50917453e-002	0.00000000e+000	
2.80624416e-003	2.50915628e-002	2.50915628e-002	0.00000000e+000	
2.80949967e-003	2.50913803e-002	2.50913803e-002	0.00000000e+000	
2.81275517e-003	2.50911978e-002	2.50911978e-002	0.00000000e+000	
2.81601067e-003	2.50910153e-002	2.50910153e-002	0.00000000e+000	
2.81926618e-003	2.50908327e-002	2.50908327e-002	0.00000000e+000	
2.82252168e-003	2.50906502e-002	2.50906502e-002	0.00000000e+000	
2.82577718e-003	2.50904677e-002	2.50904677e-002	0.00000000e+000	
2.82903269e-003	2.50902852e-002	2.50902852e-002	0.00000000e+000	
2.83228819e-003	2.50901026e-002	2.50901026e-002	0.00000000e+000	
2.83554370e-003	2.50899201e-002	2.50899201e-002	0.00000000e+000	
2.83879920e-003	2.50897376e-002	2.50897376e-002	0.00000000e+000	
2.84205470e-003	2.50895551e-002	2.50895551e-002	0.00000000e+000	
2.84531021e-003	2.50893725e-002	2.50893725e-002	0.00000000e+000	
2.84856571e-003	2.50891900e-002	2.50891900e-002	0.00000000e+000	
2.85182121e-003	2.50890075e-002	2.50890075e-002	0.00000000e+000	
2.85507672e-003	2.50888250e-002	2.50888250e-002	0.00000000e+000	
2.85833222e-003	2.50886424e-002	2.50886424e-002	0.00000000e+000	
2.86158773e-003	2.50884599e-002	2.50884599e-002	0.00000000e+000	
2.86484323e-003	2.50882774e-002	2.50882774e-002	0.00000000e+000	
2.86809873e-003	2.50880949e-002	2.50880949e-002	0.00000000e+000	
2.87135424e-003	2.50879123e-002	2.50879123e-002	0.00000000e+000	
2.87460974e-003	2.50877298e-002	2.50877298e-002	0.00000000e+000	
2.87786524e-003	2.50875473e-002	2.50875473e-002	0.00000000e+000	
2.88112075e-003	2.50873648e-002	2.50873648e-002	0.00000000e+000	
2.88437625e-003	2.50871823e-002	2.50871823e-002	0.00000000e+000	
2.88763175e-003	2.50869997e-002	2.50869997e-002	0.00000000e+000	
2.89088726e-003	2.50868172e-002	2.50868172e-002	0.00000000e+000	
2.89414276e-003	2.50866347e-002	2.50866347e-002	0.00000000e+000	
2.89739827e-003	2.50864522e-002	2.50864522e-002	0.00000000e+000	
2.90065377e-003	2.50862696e-002	2.50862696e-002	0.00000000e+000	
2.90390927e-003	2.50860871e-002	2.50860871e-002	0.00000000e+000	
2.90716478e-003	2.50859046e-002	2.50859046e-002	0.00000000e+000	
2.91042028e-003	2.50857221e-002	2.50857221e-002	0.00000000e+000	
2.91367578e-003	2.50855395e-002	2.50855395e-002	0.00000000e+000	
2.91693129e-003	2.50853570e-002	2.50853570e-002	0.00000000e+000	
2.92018679e-003	2.50851745e-002	2.50851745e-002	0.00000000e+000	
2.92344229e-003	2.50849920e-002	2.50849920e-002	0.00000000e+000	
2.92669780e-003	2.50848094e-002	2.50848094e-002	0.00000000e+000	
2.92995330e-003	2.50846269e-002	2.50846269e-002	0.00000000e+000	
2.93320881e-003	2.50844444e-002	2.50844444e-002	0.00000000e+000	
2.93646431e-003	2.50842619e-002	2.50842619e-002	0.00000000e+000	
2.93971981e-003	2.50840794e-002	2.50840794e-002	0.00000000e+000	
2.94297532e-003	2.50838968e-002	2.50838968e-002	0.00000000e+000	
2.94623082e-003	2.50837143e-002	2.50837143e-002	0.00000000e+000	
2.94948632e-003	2.50835318e-002	2.50835318e-002	0.00000000e+000	
2.95274183e-003	2.50833493e-002	2.50833493e-002	0.00000000e+000	
2.95599733e-003	2.50831667e-002	2.50831667e-002	0.00000000e+000	
2.95925284e-003	2.50829842e-002	2.50829842e-002	0.00000000e+000	
2.96250834e-003	2.50828017e-002	2.50828017e-002	0.00000000e+000	
2.96576384e-003	2.50826192e-002	2.50826192e-002	0.00000000e+000	
2.96901935e-003	2.50824366e-002	2.50824366e-002	0.00000000e+000	
2.97227485e-003	2.50822541e-002	2.50822541e-002	0.00000000e+000	
2.97553035e-003	2.50820716e-002	2.50820716e-002	0.00000000e+000	
2.97878586e-003	2.50818891e-002	2.50818891e-002	0.00000000e+000	
2.98204136e-003	2.50817065e-002	2.50817065e-002	0.00000000e+000	
2.98529686e-003	2.50815240e-002	2.50815240e-002	0.00000000e+000	
2.98855237e-003	2.50813415e-002	2.50813415e-002	0.00000000e+000	
2.99180787e-003	2.50811590e-002	2.50811590e-002	0.00000000e+000	
2.99506338e-003	2.50809765e-002	2.50809765e-002	0.00000000e+000	
2.99831888e-003	2.50807939e-002	2.50807939e-002	0.00000000e+000	
3.00157438e-003	2.50806114e-002	2.50806114e-002	0.00000000e+000	
3.00482989e-003	2.50804289e-002	2.50804289e-002	0.00000000e+000	
3.00808539e-003	2.50802464e-002	2.50802464e-002	0.00000000e+000	
3.01134089e-003	2.50800638e-002	2.50800638e-002	0.00000000e+000	
3.01459640e-003	2.50798813e-002	2.50798813e-002	0.00000000e+000	
3.01785190e-003	2.50796988e-002	2.50796988e-002	0.00000000e+000	
3.02110740e-003	2.50795163e-002	2.50795163e-002	0.00000000e+000	
3.02436291e-003	2.50793337e-002	2.50793337e-002	0.00000000e+000	
3.02761841e-003	2.50791512e-002	2.50791512e-002	0.00000000e+000	
3.03087392e-003	2.50789687e-002	2.50789687e-002	0.00000000e+000	
3.03412942e-003	2.50787862e-002	2.50787862e-002	0.00000000e+000	
3.03738492e-003	2.50786036e-002	2.50786036e-002	0.00000000e+000	
3.04064043e-003	2.50784211e-002	2.50784211e-002	0.00000000e+000	
3.04389593e-003	2.50782386e-002	2.50782386e-002	0.00000000e+000	
3.04715143e-003	2.50780561e-002	2.50780561e-002	0.00000000e+000	
3.05040694e-003	2.50778548e-002	2.50778548e-002	0.00000000e+000	
3.05366244e-003	2.50776425e-002	2.50776425e-002	0.00000000e+000	
3.05691795e-003	2.50774303e-002	2.50774303e-002	0.00000000e+000	
3.06017345e-003	2.50772181e-002	2.50772181e-002	0.00000000e+000	
3.06342895e-003	2.50770058e-002	2.50770058e-002	0.00000000e+000	
3.06668446e-003	2.50767936e-002	2.50767936e-002	0.00000000e+000	
3.06993996e-003	2.50765814e-002	2.50765814e-002	0.00000000e+000	
3.07319546e-003	2.50763691e-002	2.50763691e-002	0.00000000e+000	
3.07645097e-003	2.50761569e-002	2.50761569e-002	0.00000000e+000	
3.07970647e-003	2.50759447e-002	2.50759447e-002	0.00000000e+000	
3.08296197e-003	2.50757324e-002	2.50757324e-002	0.00000000e+000	
3.08621748e-003	2.50755202e-002	2.50755202e-002	0.00000000e+000	
3.08947298e-003	2.50753080e-002	2.50753080e-002	0.00000000e+000	
3.09272849e-003	2.50750958e-002	2.50750958e-002	0.00000000e+000	
3.09598399e-003	2.50748835e-002	2.50748835e-002	0.00000000e+000	
3.09923949e-003	2.50746713e-002	2.50746713e-002	0.00000000e+000	
3.10249500e-003	2.50744591e-002	2.50744591e-002	0.00000000e+000	
3.10575050e-003	2.50742468e-002	2.50742468e-002	0.00000000e+000	
3.10900600e-003	2.50740346e-002	2.50740346e-002	0.00000000e+000	
3.11226151e-003	2.50738224e-002	2.50738224e-002	0.00000000e+000	
3.11551701e-003	2.50736026e-002	2.50736026e-002	0.00000000e+000	
3.11877252e-003	2.50733810e-002	2.50733810e-002	0.00000000e+000	
3.12202802e-003	2.50731593e-002	2.50731593e-002	0.00000000e+000	
3.12528352e-003	2.50729377e-002	2.50729377e-002	0.00000000e+000	
3.12853903e-003	2.50727160e-002	2.50727160e-002	0.00000000e+000	
3.13179453e-003	2.50724944e-002	2.50724944e-002	0.00000000e+000	
3.13505003e-003	2.50722727e-002	2.50722727e-002	0.00000000e+000	
3.13830554e-003	2.50720511e-002	2.50720511e-002	0.00000000e+000	
3.14156104e-003	2.50718294e-002	2.50718294e-002	0.00000000e+000	
3.14481654e-003	2.50716078e-002	2.50716078e-002	0.00000000e+000	
3.14807205e-003	2.50713861e-002	2.50713861e-002	0.00000000e+000	
3.15132755e-003	2.50711645e-002	2.50711645e-002	0.00000000e+000	
3.15458306e-003	2.50709428e-002	2.50709428e-002	0.00000000e+000	
3.15783856e-003	2.50707212e-002	2.50707212e-002	0.00000000e+000	
3.16109406e-003	2.50704995e-002	2.50704995e-002	0.00000000e+000	
3.16434957e-003	2.50702778e-002	2.50702778e-002	0.00000000e+000	
3.16760507e-003	2.50700562e-002	2.50700562e-002	0.00000000e+000	
3.17086057e-003	2.50698345e-002	2.50698345e-002	0.00000000e+000	
3.17411608e-003	2.50696129e-002	2.50696129e-002	0.00000000e+000	
3.17737158e-003	2.50693912e-002	2.50693912e-002	0.00000000e+000	
3.18062708e-003	2.50691696e-002	2.50691696e-002	0.00000000e+000	
3.18388259e-003	2.50689479e-002	2.50689479e-002	0.00000000e+000	
3.18713809e-003	2.50687263e-002	2.50687263e-002	0.00000000e+000	
3.19039360e-003	2.50685046e-002	2.50685046e-002	0.00000000e+000	
3.19364910e-003	2.50682830e-002	2.50682830e-002	0.00000000e+000	
3.19690460e-003	2.50680613e-002	2.50680613e-002	0.00000000e+000	
3.20016011e-003	2.50678397e-002	2.50678397e-002	0.00000000e+000	
3.20341561e-003	2.50676180e-002	2.50676180e-002	0.00000000e+000	
3.20667111e-003	2.50673964e-002	2.50673964e-002	0.00000000e+000	
3.20992662e-003	2.50671747e-002	2.50671747e-002	0.00000000e+000	
3.21318212e-003	2.50669531e-002	2.50669531e-002	0.00000000e+000	
3.21643763e-003	2.50667314e-002	2.50667314e-002	0.00000000e+000	
3.21969313e-003	2.50665098e-002	2.50665098e-002	0.00000000e+000	
3.22294863e-003	2.50662881e-002	2.50662881e-002	0.00000000e+000	
3.22620414e-003	2.50660664e-002	2.50660664e-002	0.00000000e+000	
3.22945964e-003	2.50658448e-002	2.50658448e-002	0.00000000e+000	
3.23271514e-003	2.50656231e-002	2.50656231e-002	0.00000000e+000	
3.23597065e-003	2.50654015e-002	2.50654015e-002	0.00000000e+000	
3.23922615e-003	2.50651798e-002	2.50651798e-002	0.00000000e+000	
3.24248165e-003	2.50649582e-002	2.50649582e-002	0.00000000e+000	
3.24573716e-003	2.50647365e-002	2.50647365e-002	0.00000000e+000	
3.24899266e-003	2.50645149e-002	2.50645149e-002	0.00000000e+000	
3.25224817e-003	2.50642932e-002	2.50642932e-002	0.00000000e+000	
3.25550367e-003	2.50640716e-002	2.50640716e-002	0.00000000e+000	
3.25875917e-003	2.50638499e-002	2.50638499e-002	0.00000000e+000	
3.26201468e-003	2.50636283e-002	2.50636283e-002	0.00000000e+000	
3.26527018e-003	2.50634066e-002	2.50634066e-002	0.00000000e+000	
3.26852568e-003	2.50631850e-002	2.50631850e-002	0.00000000e+000	
3.27178119e-003	2.50629633e-002	2.50629633e-002	0.00000000e+000	
3.27503669e-003	2.50627417e-002	2.50627417e-002	0.00000000e+000	
3.27829219e-003	2.50625200e-002	2.50625200e-002	0.00000000e+000	
3.28154770e-003	2.50622983e-002	2.50622983e-002	0.00000000e+000	
3.28480320e-003	2.50620767e-002	2.50620767e-002	0.00000000e+000	
3.28805871e-003	2.50618550e-002	2.50618550e-002	0.00000000e+000	
3.29131421e-003	2.50616334e-002	2.50616334e-002	0.00000000e+000	
3.29456971e-003	2.50614117e-002	2.50614117e-002	0.00000000e+000	
3.29782522e-003	2.50611901e-002	2.50611901e-002	0.00000000e+000	
3.30108072e-003	2.50609684e-002	2.50609684e-002	0.00000000e+000	
3.30433622e-003	2.50607468e-002	2.50607468e-002	0.00000000e+000	
3.30759173e-003	2.50605251e-002	2.50605251e-002	0.00000000e+000	
3.31084723e-003	2.50603035e-002	2.50603035e-002	0.00000000e+000	
3.31410274e-003	2.50600818e-002	2.50600818e-002	0.00000000e+000	
3.31735824e-003	2.50598602e-002	2.50598602e-002	0.00000000e+000	
3.32061374e-003	2.50596385e-002	2.50596385e-002	0.00000000e+000	
3.32386925e-003	2.50594169e-002	2.50594169e-002	0.00000000e+000	
3.32712475e-003	2.50591952e-002	2.50591952e-002	0.00000000e+000	
3.33038025e-003	2.50589736e-002	2.50589736e-002	0.00000000e+000	
3.33363576e-003	2.50587519e-002	2.50587519e-002	0.00000000e+000	
3.33689126e-003	2.50585302e-002	2.50585302e-002	0.00000000e+000	
3.34014676e-003	2.50583086e-002	2.50583086e-002	0.00000000e+000	
3.34340227e-003	2.50580869e-002	2.50580869e-002	0.00000000e+000	
3.34665777e-003	2.50578653e-002	2.50578653e-002	0.00000000e+000	
3.34991328e-003	2.50576436e-002	2.50576436e-002	0.00000000e+000	
3.35316878e-003	2.50574220e-002	2.50574220e-002	0.00000000e+000	
3.35642428e-003	2.50572003e-002	2.50572003e-002	0.00000000e+000	
3.35967979e-003	2.50569787e-002	2.50569787e-002	0.00000000e+000	
3.36293529e-003	2.50567570e-002	2.50567570e-002	0.00000000e+000	
3.36619079e-003	2.50565354e-002	2.50565354e-002	0.00000000e+000	
3.36944630e-003	2.50563137e-002	2.50563137e-002	0.00000000e+000	
3.37270180e-003	2.50560921e-002	2.50560921e-002	0.00000000e+000	
3.37595730e-003	2.50558704e-002	2.50558704e-002	0.00000000e+000	
3.37921281e-003	2.50556488e-002	2.50556488e-002	0.00000000e+000	
3.38246831e-003	2.50554271e-002	2.50554271e-002	0.00000000e+000	
3.38572382e-003	2.50552055e-002	2.50552055e-002	0.00000000e+000	
3.38897932e-003	2.50549838e-002	2.50549838e-002	0.00000000e+000	
3.39223482e-003	2.50547621e-002	2.50547621e-002	0.00000000e+000	
3.39549033e-003	2.50545405e-002	2.50545405e-002	0.00000000e+000	
3.39874583e-003	2.50543188e-002	2.50543188e-002	0.00000000e+000	
3.40200133e-003	2.50540972e-002	2.50540972e-002	0.00000000e+000	
3.40525684e-003	2.50538755e-002	2.50538755e-002	0.00000000e+000	
3.40851234e-003	2.50536539e-002	2.50536539e-002	0.00000000e+000	
3.41176785e-003	2.50534322e-002	2.50534322e-002	0.00000000e+000	
3.41502335e-003	2.50532106e-002	2.50532106e-002	0.00000000e+000	
3.41827885e-003	2.50529889e-002	2.50529889e-002	0.00000000e+000	
3.42153436e-003	2.50527673e-002	2.50527673e-002	0.00000000e+000	
3.42478986e-003	2.50525456e-002	2.50525456e-002	0.00000000e+000	
3.42804536e-003	2.50523240e-002	2.50523240e-002	0.00000000e+000	
3.43130087e-003	2.50521023e-002	2.50521023e-002	0.00000000e+000	
3.43455637e-003	2.50518807e-002	2.50518807e-002	0.00000000e+000	
3.43781187e-003	2.50516590e-002	2.50516590e-002	0.00000000e+000	
3.44106738e-003	2.50514374e-002	2.50514374e-002	0.00000000e+000	
3.44432288e-003	2.50512157e-002	2.50512157e-002	0.00000000e+000	
3.44757839e-003	2.50509941e-002	2.50509941e-002	0.00000000e+000	
3.45083389e-003	2.50507724e-002	2.50507724e-002	0.00000000e+000	
3.45408939e-003	2.50505507e-002	2.50505507e-002	0.00000000e+000	
3.45734490e-003	2.50503291e-002	2.50503291e-002	0.00000000e+000	
3.46060040e-003	2.50501074e-002	2.50501074e-002	0.00000000e+000	
3.46385590e-003	2.50498858e-002	2.50498858e-002	0.00000000e+000	
3.46711141e-003	2.50496641e-002	2.50496641e-002	0.00000000e+000	
3.47036691e-003	2.50494425e-002	2.50494425e-002	0.00000000e+000	
3.47362241e-003	2.50492208e-002	2.50492208e-002	0.00000000e+000	
3.47687792e-003	2.50489992e-002	2.50489992e-002	0.00000000e+000	
3.48013342e-003	2.50487775e-002	2.50487775e-002	0.00000000e+000	
3.48338893e-003	2.50485559e-002	2.50485559e-002	0.00000000e+000	
3.48664443e-003	2.50483342e-002	2.50483342e-002	0.00000000e+000	
3.48989993e-003	2.50481126e-002	2.50481126e-002	0.00000000e+000	
3.49315544e-003	2.50478909e-002	2.50478909e-002	0.00000000e+000	
3.49641094e-003	2.50476693e-002	2.50476693e-002	0.00000000e+000	
3.49966644e-003	2.50474476e-002	2.50474476e-002	0.00000000e+000	
3.50292195e-003	2.50472260e-002	2.50472260e-002	0.00000000e+000	
3.50617745e-003	2.50470043e-002	2.50470043e-002	0.00000000e+000	
3.50943296e-003	2.50467826e-002	2.50467826e-002	0.00000000e+000	
3.51268846e-003	2.50465610e-002	2.50465610e-002	0.00000000e+000	
3.51594396e-003	2.50463393e-002	2.50463393e-002	0.00000000e+000	
3.51919947e-003	2.50461177e-002	2.50461177e-002	0.00000000e+000	
3.52245497e-003	2.50458960e-002	2.50458960e-002	0.00000000e+000	
3.52571047e-003	2.50456744e-002	2.50456744e-002	0.00000000e+000	
3.52896598e-003	2.50454527e-002	2.50454527e-002	0.00000000e+000	
3.53222148e-003	2.50452311e-002	2.50452311e-002	0.00000000e+000	
3.53547698e-003	2.50450094e-002	2.50450094e-002	0.00000000e+000	
3.53873249e-003	2.50447878e-002	2.50447878e-002	0.00000000e+000	
3.54198799e-003	2.50445661e-002	2.50445661e-002	0.00000000e+000	
3.54524350e-003	2.50443445e-002	2.50443445e-002	0.00000000e+000	
3.54849900e-003	2.50441228e-002	2.50441228e-002	0.00000000e+000	
3.55175450e-003	2.50439012e-002	2.50439012e-002	0.00000000e+000	
3.55501001e-003	2.50436795e-002	2.50436795e-002	0.00000000e+000	
3.55826551e-003	2.50434579e-002	2.50434579e-002	0.00000000e+000	
3.56152101e-003	2.50432362e-002	2.50432362e-002	0.00000000e+000	
3.56477652e-003	2.50430145e-002	2.50430145e-002	0.00000000e+000	
3.56803202e-003	2.50427929e-002	2.50427929e-002	0.00000000e+000	
3.57128753e-003	2.50425712e-002	2.50425712e-002	0.00000000e+000	
3.57454303e-003	2.50423496e-002	2.50423496e-002	0.00000000e+000	
3.57779853e-003	2.50421279e-002	2.50421279e-002	0.00000000e+000	
3.58105404e-003	2.50419063e-002	2.50419063e-002	0.00000000e+000	
3.58430954e-003	2.50416846e-002	2.50416846e-002	0.00000000e+000	
3.58756504e-003	2.50414630e-002	2.50414630e-002	0.00000000e+000	
3.59082055e-003	2.50412413e-002	2.50412413e-002	0.00000000e+000	
3.59407605e-003	2.50410197e-002	2.50410197e-002	0.00000000e+000	
3.59733155e-003	2.50407980e-002	2.50407980e-002	0.00000000e+000	
3.60058706e-003	2.50405764e-002	2.50405764e-002	0.00000000e+000	
3.60384256e-003	2.50403547e-002	2.50403547e-002	0.00000000e+000	
3.60709807e-003	2.50401331e-002	2.50401331e-002	0.00000000e+000	
3.61035357e-003	2.50399114e-002	2.50399114e-002	0.00000000e+000	
3.61360907e-003	2.50396898e-002	2.50396898e-002	0.00000000e+000	
3.61686458e-003	2.50394681e-002	2.50394681e-002	0.00000000e+000	
3.62012008e-003	2.50392465e-002	2.50392465e-002	0.00000000e+000	
3.62337558e-003	2.50390248e-002	2.50390248e-002	0.00000000e+000	
3.62663109e-003	2.50388031e-002	2.50388031e-002	0.00000000e+000	
3.62988659e-003	2.50385815e-002	2.50385815e-002	0.00000000e+000	
3.63314209e-003	2.50383598e-002	2.50383598e-002	0.00000000e+000	
3.63639760e-003	2.50381382e-002	2.50381382e-002	0.00000000e+000	
3.63965310e-003	2.50379165e-002	2.50379165e-002	0.00000000e+000	
3.64290861e-003	2.50376949e-002	2.50376949e-002	0.00000000e+000	
3.64616411e-003	2.50374732e-002	2.50374732e-002	0.00000000e+000	
3.64941961e-003	2.50372158e-002	2.50372158e-002	0.00000000e+000	
3.65267512e-003	2.50369512e-002	2.50369512e-002	0.00000000e+000	
3.65593062e-003	2.50366866e-002	2.50366866e-002	0.00000000e+000	
3.65918612e-003	2.50364219e-002	2.50364219e-002	0.00000000e+000	
3.66244163e-003	2.50361573e-002	2.50361573e-002	0.00000000e+000	
3.66569713e-003	2.50358927e-002	2.50358927e-002	0.00000000e+000	
3.66895264e-003	2.50356280e-002	2.50356280e-002	0.00000000e+000	
3.67220814e-003	2.50353634e-002	2.50353634e-002	0.00000000e+000	
3.67546364e-003	2.50350988e-002	2.50350988e-002	0.00000000e+000	
3.67871915e-003	2.50348341e-002	2.50348341e-002	0.00000000e+000	
3.68197465e-003	2.50345695e-002	2.50345695e-002	0.00000000e+000	
3.68523015e-003	2.50343049e-002	2.50343049e-002	0.00000000e+000	
3.68848566e-003	2.50340402e-002	2.50340402e-002	0.00000000e+000	
3.69174116e-003	2.50337756e-002	2.50337756e-002	0.00000000e+000	
3.69499666e-003	2.50335109e-002	2.50335109e-002	0.00000000e+000	
3.69825217e-003	2.50332463e-002	2.50332463e-002	0.00000000e+000	
3.70150767e-003	2.50329817e-002	2.50329817e-002	0.00000000e+000	
3.70476318e-003	2.50327170e-002	2.50327170e-002	0.00000000e+000	
3.70801868e-003	2.50324524e-002	2.50324524e-002	0.00000000e+000	
3.71127418e-003	2.50321878e-002	2.50321878e-002	0.00000000e+000	
3.71452969e-003	2.50319231e-002	2.50319231e-002	0.00000000e+000	
3.71778519e-003	2.50316585e-002	2.50316585e-002	0.00000000e+000	
3.72104069e-003	2.50313939e-002	2.50313939e-002	0.00000000e+000	
3.72429620e-003	2.50311292e-002	2.50311292e-002	0.00000000e+000	
3.72755170e-003	2.50308646e-002	2.50308646e-002	0.00000000e+000	
3.73080720e-003	2.50306000e-002	2.50306000e-002	0.00000000e+000	
3.73406271e-003	2.50303353e-002	2.50303353e-002	0.00000000e+000	
3.73731821e-003	2.50300707e-002	2.50300707e-002	0.00000000e+000	
3.74057372e-003	2.50298060e-002	2.50298060e-002	0.00000000e+000	
3.74382922e-003	2.50295414e-002	2.50295414e-002	0.00000000e+000	
3.74708472e-003	2.50292768e-002	2.50292768e-002	0.00000000e+000	
3.75034023e-003	2.50290094e-002	2.50290094e-002	0.00000000e+000	
3.75359573e-003	2.50287337e-002	2.50287337e-002	0.00000000e+000	
3.75685123e-003	2.50284580e-002	2.50284580e-002	0.00000000e+000	
3.76010674e-003	2.50281823e-002	2.50281823e-002	0.00000000e+000	
3.76336224e-003	2.50279066e-002	2.50279066e-002	0.00000000e+000	
3.76661775e-003	2.50276310e-002	2.50276310e-002	0.00000000e+000	
3.76987325e-003	2.50273553e-002	2.50273553e-002	0.00000000e+000	
3.77312875e-003	2.50270796e-002	2.50270796e-002	0.00000000e+000	
3.77638426e-003	2.50268039e-002	2.50268039e-002	0.00000000e+000	
3.77963976e-003	2.50265283e-002	2.50265283e-002	0.00000000e+000	
3.78289526e-003	2.50262526e-002	2.50262526e-002	0.00000000e+000	
3.78615077e-003	2.50259769e-002	2.50259769e-002	0.00000000e+000	
3.78940627e-003	2.50257012e-002	2.50257012e-002	0.00000000e+000	
3.79266177e-003	2.50254256e-002	2.50254256e-002	0.00000000e+000	
3.79591728e-003	2.50251499e-002	2.50251499e-002	0.00000000e+000	
3.79917278e-003	2.50248742e-002	2.50248742e-002	0.00000000e+000	
3.80242829e-003	2.50245985e-002	2.50245985e-002	0.00000000e+000	
3.80568379e-003	2.50243229e-002	2.50243229e-002	0.00000000e+000	
3.80893929e-003	2.50240472e-002	2.50240472e-002	0.00000000e+000	
3.81219480e-003	2.50237715e-002	2.50237715e-002	0.00000000e+000	
3.81545030e-003	2.50234958e-002	2.50234958e-002	0.00000000e+000	
3.81870580e-003	2.50232202e-002	2.50232202e-002	0.00000000e+000	
3.82196131e-003	2.50229445e-002	2.50229445e-002	0.00000000e+000	
3.82521681e-003	2.50226688e-002	2.50226688e-002	0.00000000e+000	
3.82847231e-003	2.50223931e-002	2.50223931e-002	0.00000000e+000	
3.83172782e-003	2.50221174e-002	2.50221174e-002	0.00000000e+000	
3.83498332e-003	2.50218418e-002	2.50218418e-002	0.00000000e+000	
3.83823883e-003	2.50215661e-002	2.50215661e-002	0.00000000e+000	
3.84149433e-003	2.50212904e-002	2.50212904e-002	0.00000000e+000	
3.84474983e-003	2.50210147e-002	2.50210147e-002	0.00000000e+000	
3.84800534e-003	2.50207391e-002	2.50207391e-002	0.00000000e+000	
3.85126084e-003	2.50204634e-002	2.50204634e-002	0.00000000e+000	
3.85451634e-003	2.50201877e-002	2.50201877e-002	0.00000000e+000	
3.85777185e-003	2.50199120e-002	2.50199120e-002	0.00000000e+000	
3.86102735e-003	2.50196364e-002	2.50196364e-002	0.00000000e+000	
3.86428286e-003	2.50193607e-002	2.50193607e-002	0.00000000e+000	
3.86753836e-003	2.50190850e-002	2.50190850e-002	0.00000000e+000	
3.87079386e-003	2.50188093e-002	2.50188093e-002	0.00000000e+000	
3.87404937e-003	2.50185337e-002	2.50185337e-002	0.00000000e+000	
3.87730487e-003	2.50182580e-002	2.50182580e-002	0.00000000e+000	
3.88056037e-003	2.50179823e-002	2.50179823e-002	0.00000000e+000	
3.88381588e-003	2.50177066e-002	2.50177066e-002	0.00000000e+000	
3.88707138e-003	2.50174309e-002	2.50174309e-002	0.00000000e+000	
3.89032688e-003	2.50171553e-002	2.50171553e-002	0.00000000e+000	
3.89358239e-003	2.50168796e-002	2.50168796e-002	0.00000000e+000	
3.89683789e-003	2.50166039e-002	2.50166039e-002	0.00000000e+000	
3.90009340e-003	2.50163282e-002	2.50163282e-002	0.00000000e+000	
3.90334890e-003	2.50160526e-002	2.50160526e-002	0.00000000e+000	
3.90660440e-003	2.50157769e-002	2.50157769e-002	0.00000000e+000	
3.90985991e-003	2.50155012e-002	2.50155012e-002	0.00000000e+000	
3.91311541e-003	2.50152255e-002	2.50152255e-002	0.00000000e+000	
3.91637091e-003	2.50149499e-002	2.50149499e-002	0.00000000e+000	
3.91962642e-003	2.50146742e-002	2.50146742e-002	0.00000000e+000	
3.92288192e-003	2.50143985e-002	2.50143985e-002	0.00000000e+000	
3.92613742e-003	2.50141228e-002	2.50141228e-002	0.00000000e+000	
3.92939293e-003	2.50138472e-002	2.50138472e-002	0.00000000e+000	
3.93264843e-003	2.50135715e-002	2.50135715e-002	0.00000000e+000	
3.93590394e-003	2.50132958e-002	2.50132958e-002	0.00000000e+000	
3.93915944e-003	2.50130201e-002	2.50130201e-002	0.00000000e+000	
3.94241494e-003	2.50127444e-002	2.50127444e-002	0.00000000e+000	
3.94567045e-003	2.50124688e-002	2.50124688e-002	0.00000000e+000	
3.94892595e-003	2.50121931e-002	2.50121931e-002	0.00000000e+000	
3.95218145e-003	2.50119174e-002	2.50119174e-002	0.00000000e+000	
3.95543696e-003	2.50116417e-002	2.50116417e-002	0.00000000e+000	
3.95869246e-003	2.50113661e-002	2.50113661e-002	0.00000000e+000	
3.96194797e-003	2.50110904e-002	2.50110904e-002	0.00000000e+000	
3.96520347e-003	2.50108147e-002	2.50108147e-002	0.00000000e+000	
3.96845897e-003	2.50105390e-002	2.50105390e-002	0.00000000e+000	
3.97171448e-003	2.50102634e-002	2.50102634e-002	0.00000000e+000	
3.97496998e-003	2.50099877e-002	2.50099877e-002	0.00000000e+000	
3.97822548e-003	2.50097120e-002	2.50097120e-002	0.00000000e+000	
3.98148099e-003	2.50094363e-002	2.50094363e-002	0.00000000e+000	
3.98473649e-003	2.50091607e-002	2.50091607e-002	0.00000000e+000	
3.98799199e-003	2.50088850e-002	2.50088850e-002	0.00000000e+000	
3.99124750e-003	2.50086093e-002	2.50086093e-002	0.00000000e+000	
3.99450300e-003	2.50083336e-002	2.50083336e-002	0.00000000e+000	
3.99775851e-003	2.50080580e-002	2.50080580e-002	0.00000000e+000	
4.00101401e-003	2.50077823e-002	2.50077823e-002	0.00000000e+000	
4.00426951e-003	2.50075066e-002	2.50075066e-002	0.00000000e+000	
4.00752502e-003	2.50072309e-002	2.50072309e-002	0.00000000e+000	
4.01078052e-003	2.50069552e-002	2.50069552e-002	0.00000000e+000	
4.01403602e-003	2.50066796e-002	2.50066796e-002	0.00000000e+000	
4.01729153e-003	2.50064039e-002	2.50064039e-002	0.00000000e+000	
4.02054703e-003	2.50061282e-002	2.50061282e-002	0.00000000e+000	
4.02380254e-003	2.50058525e-002	2.50058525e-002	0.00000000e+000	
4.02705804e-003	2.50055769e-002	2.50055769e-002	0.00000000e+000	
4.03031354e-003	2.50053012e-002	2.50053012e-002	0.00000000e+000	
4.03356905e-003	2.50050255e-002	2.50050255e-002	0.00000000e+000	
4.03682455e-003	2.50047498e-002	2.50047498e-002	0.00000000e+000	
4.04008005e-003	2.50044742e-002	2.50044742e-002	0.00000000e+000	
4.04333556e-003	2.50041985e-002	2.50041985e-002	0.00000000e+000	
4.04659106e-003	2.50039228e-002	2.50039228e-002	0.00000000e+000	
4.04984656e-003	2.50036471e-002	2.50036471e-002	0.00000000e+000	
4.05310207e-003	2.50033715e-002	2.50033715e-002	0.00000000e+000	
4.05635757e-003	2.50030958e-002	2.50030958e-002	0.00000000e+000	
4.05961308e-003	2.50028201e-002	2.50028201e-002	0.00000000e+000	
4.06286858e-003	2.50025444e-002	2.50025444e-002	0.00000000e+000	
4.06612408e-003	2.50022687e-002	2.50022687e-002	0.00000000e+000	
4.06937959e-003	2.50019931e-002	2.50019931e-002	0.00000000e+000	
4.07263509e-003	2.50017174e-002	2.50017174e-002	0.00000000e+000	
4.07589059e-003	2.50014417e-002	2.50014417e-002	0.00000000e+000	
4.07914610e-003	2.50011660e-002	2.50011660e-002	0.00000000e+000	
4.08240160e-003	2.50008904e-002	2.50008904e-002	0.00000000e+000	
4.08565710e-003	2.50006147e-002	2.50006147e-002	0.00000000e+000	
4.08891261e-003	2.50003390e-002	2.50003390e-002	0.00000000e+000	
4.09216811e-003	2.50000633e-002	2.50000633e-002	0.00000000e+000	
4.09542362e-003	2.49997877e-002	2.49997877e-002	0.00000000e+000	
4.09867912e-003	2.49995120e-002	2.49995120e-002	0.00000000e+000	
4.10193462e-003	2.49992363e-002	2.49992363e-002	0.00000000e+000	
4.10519013e-003	2.49989606e-002	2.49989606e-002	0.00000000e+000	
4.10844563e-003	2.49986850e-002	2.49986850e-002	0.00000000e+000	
4.11170113e-003	2.49984093e-002	2.49984093e-002	0.00000000e+000	
4.11495664e-003	2.49981336e-002	2.49981336e-002	0.00000000e+000	
4.11821214e-003	2.49978579e-002	2.49978579e-002	0.00000000e+000	
4.12146765e-003	2.49975823e-002	2.49975823e-002	0.00000000e+000	
4.12472315e-003	2.49973066e-002	2.49973066e-002	0.00000000e+000	
4.12797865e-003	2.49970309e-002	2.49970309e-002	0.00000000e+000	
4.13123416e-003	2.49967552e-002	2.49967552e-002	0.00000000e+000	
4.13448966e-003	2.49964795e-002	2.49964795e-002	0.00000000e+000	
4.13774516e-003	2.49962039e-002	2.49962039e-002	0.00000000e+000	
4.14100067e-003	2.49959282e-002	2.49959282e-002	0.00000000e+000	
4.14425617e-003	2.49956525e-002	2.49956525e-002	0.00000000e+000	
4.14751167e-003	2.49953768e-002	2.49953768e-002	0.00000000e+000	
4.15076718e-003	2.49951012e-002	2.49951012e-002	0.00000000e+000	
4.15402268e-003	2.49948255e-002	2.49948255e-002	0.00000000e+000	
4.15727819e-003	2.49945498e-002	2.49945498e-002	0.00000000e+000	
4.16053369e-003	2.49942741e-002	2.49942741e-002	0.00000000e+000	
4.16378919e-003	2.49939985e-002	2.49939985e-002	0.00000000e+000	
4.16704470e-003	2.49937228e-002	2.49937228e-002	0.00000000e+000	
4.17030020e-003	2.49934471e-002	2.49934471e-002	0.00000000e+000	
4.17355570e-003	2.49931714e-002	2.49931714e-002	0.00000000e+000	
4.17681121e-003	2.49928958e-002	2.49928958e-002	0.00000000e+000	
4.18006671e-003	2.49926201e-002	2.49926201e-002	0.00000000e+000	
4.18332221e-003	2.49923444e-002	2.49923444e-002	0.00000000e+000	
4.18657772e-003	2.49920687e-002	2.49920687e-002	0.00000000e+000	
4.18983322e-003	2.49917930e-002	2.49917930e-002	0.00000000e+000	
4.19308873e-003	2.49915174e-002	2.49915174e-002	0.00000000e+000	
4.19634423e-003	2.49912417e-002	2.49912417e-002	0.00000000e+000	
4.19959973e-003	2.49909660e-002	2.49909660e-002	0.00000000e+000	
4.20285524e-003	2.49906903e-002	2.49906903e-002	0.00000000e+000	
4.20611074e-003	2.49904147e-002	2.49904147e-002	0.00000000e+000	
4.20936624e-003	2.49901390e-002	2.49901390e-002	0.00000000e+000	
4.21262175e-003	2.49898633e-002	2.49898633e-002	0.00000000e+000	
4.21587725e-003	2.49895876e-002	2.49895876e-002	0.00000000e+000	
4.21913276e-003	2.49893120e-002	2.49893120e-002	0.00000000e+000	
4.22238826e-003	2.49890363e-002	2.49890363e-002	0.00000000e+000	
4.22564376e-003	2.49887606e-002	2.49887606e-002	0.00000000e+000	
4.22889927e-003	2.49884849e-002	2.49884849e-002	0.00000000e+000	
4.23215477e-003	2.49882108e-002	2.49882108e-002	0.00000000e+000	
4.23541027e-003	2.49879368e-002	2.49879368e-002	0.00000000e+000	
4.23866578e-003	2.49876628e-002	2.49876628e-002	0.00000000e+000	
4.24192128e-003	2.49873888e-002	2.49873888e-002	0.00000000e+000	
4.24517678e-003	2.49871148e-002	2.49871148e-002	0.00000000e+000	
4.24843229e-003	2.49868407e-002	2.49868407e-002	0.00000000e+000	
4.25168779e-003	2.49865667e-002	2.49865667e-002	0.00000000e+000	
4.25494330e-003	2.49862927e-002	2.49862927e-002	0.00000000e+000	
4.25819880e-003	2.49860187e-002	2.49860187e-002	0.00000000e+000	
4.26145430e-003	2.49857446e-002	2.49857446e-002	0.00000000e+000	
4.26470981e-003	2.49854706e-002	2.49854706e-002	0.00000000e+000	
4.26796531e-003	2.49851966e-002	2.49851966e-002	0.00000000e+000	
4.27122081e-003	2.49849226e-002	2.49849226e-002	0.00000000e+000	
4.27447632e-003	2.49846485e-002	2.49846485e-002	0.00000000e+000	
4.27773182e-003	2.49843745e-002	2.49843745e-002	0.00000000e+000	
4.28098732e-003	2.49841005e-002	2.49841005e-002	0.00000000e+000	
4.28424283e-003	2.49838265e-002	2.49838265e-002	0.00000000e+000	
4.28749833e-003	2.49835524e-002	2.49835524e-002	0.00000000e+000	
4.29075384e-003	2.49832784e-002	2.49832784e-002	0.00000000e+000	
4.29400934e-003	2.49830044e-002	2.49830044e-002	0.00000000e+000	
4.29726484e-003	2.49827304e-002	2.49827304e-002	0.00000000e+000	
4.30052035e-003	2.49824563e-002	2.49824563e-002	0.00000000e+000	
4.30377585e-003	2.49821823e-002	2.49821823e-002	0.00000000e+000	
4.30703135e-003	2.49819083e-002	2.49819083e-002	0.00000000e+000	
4.31028686e-003	2.49816343e-002	2.49816343e-002	0.00000000e+000	
4.31354236e-003	2.49813602e-002	2.49813602e-002	0.00000000e+000	
4.31679787e-003	2.49810862e-002	2.49810862e-002	0.00000000e+000	
4.32005337e-003	2.49808122e-002	2.49808122e-002	0.00000000e+000	
4.32330887e-003	2.49805382e-002	2.49805382e-002	0.00000000e+000	
4.32656438e-003	2.49802641e-002	2.49802641e-002	0.00000000e+000	
4.32981988e-003	2.49799901e-002	2.49799901e-002	0.00000000e+000	
4.33307538e-003	2.49797161e-002	2.49797161e-002	0.00000000e+000	
4.33633089e-003	2.49794459e-002	2.49794459e-002	0.00000000e+000	
4.33958639e-003	2.49791804e-002	2.49791804e-002	0.00000000e+000	
4.34284189e-003	2.49789149e-002	2.49789149e-002	0.00000000e+000	
4.34609740e-003	2.49786494e-002	2.49786494e-002	0.00000000e+000	
4.34935290e-003	2.49783839e-002	2.49783839e-002	0.00000000e+000	
4.35260841e-003	2.49781184e-002	2.49781184e-002	0.00000000e+000	
4.35586391e-003	2.49778529e-002	2.49778529e-002	0.00000000e+000	
4.35911941e-003	2.49775875e-002	2.49775875e-002	0.00000000e+000	
4.36237492e-003	2.49773220e-002	2.49773220e-002	0.00000000e+000	
4.36563042e-003	2.49770565e-002	2.49770565e-002	0.00000000e+000	
4.36888592e-003	2.49767910e-002	2.49767910e-002	0.00000000e+000	
4.37214143e-003	2.49765255e-002	2.49765255e-002	0.00000000e+000	
4.37539693e-003	2.49762600e-002	2.49762600e-002	0.00000000e+000	
4.37865243e-003	2.49759945e-002	2.49759945e-002	0.00000000e+000	
4.38190794e-003	2.49757290e-002	2.49757290e-002	0.00000000e+000	
4.38516344e-003	2.49754635e-002	2.49754635e-002	0.00000000e+000	
4.38841895e-003	2.49751980e-002	2.49751980e-002	0.00000000e+000	
4.39167445e-003	2.49749325e-002	2.49749325e-002	0.00000000e+000	
4.39492995e-003	2.49746670e-002	2.49746670e-002	0.00000000e+000	
4.39818546e-003	2.49744015e-002	2.49744015e-002	0.00000000e+000	
4.40144096e-003	2.49741360e-002	2.49741360e-002	0.00000000e+000	
4.40469646e-003	2.49738705e-002	2.49738705e-002	0.00000000e+000	
4.40795197e-003	2.49736050e-002	2.49736050e-002	0.00000000e+000	
4.41120747e-003	2.49733395e-002	2.49733395e-002	0.00000000e+000	
4.41446298e-003	2.49730740e-002	2.49730740e-002	0.00000000e+000	
4.41771848e-003	2.49728086e-002	2.49728086e-002	0.00000000e+000	
4.42097398e-003	2.49725431e-002	2.49725431e-002	0.00000000e+000	
4.42422949e-003	2.49722776e-002	2.49722776e-002	0.00000000e+000	
4.42748499e-003	2.49720121e-002	2.49720121e-002	0.00000000e+000	
4.43074049e-003	2.49717466e-002	2.49717466e-002	0.00000000e+000	
4.43399600e-003	2.49714811e-002	2.49714811e-002	0.00000000e+000	
4.43725150e-003	2.49712156e-002	2.49712156e-002	0.00000000e+000	
4.44050700e-003	2.49709501e-002	2.49709501e-002	0.00000000e+000	
4.44376251e-003	2.49706846e-002	2.49706846e-002	0.00000000e+000	
4.44701801e-003	2.49704191e-002	2.49704191e-002	0.00000000e+000	
4.45027352e-003	2.49701536e-002	2.49701536e-002	0.00000000e+000	
4.45352902e-003	2.49698881e-002	2.49698881e-002	0.00000000e+000	
4.45678452e-003	2.49696226e-002	2.49696226e-002	0.00000000e+000	
4.46004003e-003	2.49693571e-002	2.49693571e-002	0.00000000e+000	
4.46329553e-003	2.49690916e-002	2.49690916e-002	0.00000000e+000	
4.46655103e-003	2.49688261e-002	2.49688261e-002	0.00000000e+000	
4.46980654e-003	2.49685606e-002	2.49685606e-002	0.00000000e+000	
4.47306204e-003	2.49682952e-002	2.49682952e-002	0.00000000e+000	
4.47631755e-003	2.49680297e-002	2.49680297e-002	0.00000000e+000	
4.47957305e-003	2.49677642e-002	2.49677642e-002	0.00000000e+000	
4.48282855e-003	2.49674987e-002	2.49674987e-002	0.00000000e+000	
4.48608406e-003	2.49672332e-002	2.49672332e-002	0.00000000e+000	
4.48933956e-003	2.49669677e-002	2.49669677e-002	0.00000000e+000	
4.49259506e-003	2.49667022e-002	2.49667022e-002	0.00000000e+000	
4.49585057e-003	2.49664367e-002	2.49664367e-002	0.00000000e+000	
4.49910607e-003	2.49661712e-002	2.49661712e-002	0.00000000e+000	
4.50236157e-003	2.49659057e-002	2.49659057e-002	0.00000000e+000	
4.50561708e-003	2.49656402e-002	2.49656402e-002	0.00000000e+000	
4.50887258e-003	2.49653747e-002	2.49653747e-002	0.00000000e+000	
4.51212809e-003	2.49651092e-002	2.49651092e-002	0.00000000e+000	
4.51538359e-003	2.49648367e-002	2.49648367e-002	0.00000000e+000	
4.51863909e-003	2.49645547e-002	2.49645547e-002	0.00000000e+000	
4.52189460e-003	2.49642727e-002	2.49642727e-002	0.00000000e+000	
4.52515010e-003	2.49639907e-002	2.49639907e-002	0.00000000e+000	
4.52840560e-003	2.49637087e-002	2.49637087e-002	0.00000000e+000	
4.53166111e-003	2.49634267e-002	2.49634267e-002	0.00000000e+000	
4.53491661e-003	2.49631447e-002	2.49631447e-002	0.00000000e+000	
4.53817211e-003	2.49628627e-002	2.49628627e-002	0.00000000e+000	
4.54142762e-003	2.49625807e-002	2.49625807e-002	0.00000000e+000	
4.54468312e-003	2.49622987e-002	2.49622987e-002	0.00000000e+000	
4.54793863e-003	2.49620167e-002	2.49620167e-002	0.00000000e+000	
4.55119413e-003	2.49617347e-002	2.49617347e-002	0.00000000e+000	
4.55444963e-003	2.49614527e-002	2.49614527e-002	0.00000000e+000	
4.55770514e-003	2.49611707e-002	2.49611707e-002	0.00000000e+000	
4.56096064e-003	2.49608887e-002	2.49608887e-002	0.00000000e+000	
4.56421614e-003	2.49606067e-002	2.49606067e-002	0.00000000e+000	
4.56747165e-003	2.49603247e-002	2.49603247e-002	0.00000000e+000	
4.57072715e-003	2.49600427e-002	2.49600427e-002	0.00000000e+000	
4.57398266e-003	2.49597607e-002	2.49597607e-002	0.00000000e+000	
4.57723816e-003	2.49594787e-002	2.49594787e-002	0.00000000e+000	
4.58049366e-003	2.49591967e-002	2.49591967e-002	0.00000000e+000	
4.58374917e-003	2.49589147e-002	2.49589147e-002	0.00000000e+000	
4.58700467e-003	2.49586326e-002	2.49586326e-002	0.00000000e+000	
4.59026017e-003	2.49583506e-002	2.49583506e-002	0.00000000e+000	
4.59351568e-003	2.49580686e-002	2.49580686e-002	0.00000000e+000	
4.59677118e-003	2.49577866e-002	2.49577866e-002	0.00000000e+000	
4.60002668e-003	2.49575046e-002	2.49575046e-002	0.00000000e+000	
4.60328219e-003	2.49572226e-002	2.49572226e-002	0.00000000e+000	
4.60653769e-003	2.49569406e-002	2.49569406e-002	0.00000000e+000	
4.60979320e-003	2.49566586e-002	2.49566586e-002	0.00000000e+000	
4.61304870e-003	2.49563766e-002	2.49563766e-002	0.00000000e+000	
4.61630420e-003	2.49560944e-002	2.49560944e-002	0.00000000e+000	
4.61955971e-003	2.49558121e-002	2.49558121e-002	0.00000000e+000	
4.62281521e-003	2.49555299e-002	2.49555299e-002	0.00000000e+000	
4.62607071e-003	2.49552476e-002	2.49552476e-002	0.00000000e+000	
4.62932622e-003	2.49549654e-002	2.49549654e-002	0.00000000e+000	
4.63258172e-003	2.49546831e-002	2.49546831e-002	0.00000000e+000	
4.63583722e-003	2.49544009e-002	2.49544009e-002	0.00000000e+000	
4.63909273e-003	2.49541187e-002	2.49541187e-002	0.00000000e+000	
4.64234823e-003	2.49538364e-002	2.49538364e-002	0.00000000e+000	
4.64560374e-003	2.49535542e-002	2.49535542e-002	0.00000000e+000	
4.64885924e-003	2.49532719e-002	2.49532719e-002	0.00000000e+000	
4.65211474e-003	2.49529897e-002	2.49529897e-002	0.00000000e+000	
4.65537025e-003	2.49527074e-002	2.49527074e-002	0.00000000e+000	
4.65862575e-003	2.49524252e-002	2.49524252e-002	0.00000000e+000	
4.66188125e-003	2.49521430e-002	2.49521430e-002	0.00000000e+000	
4.66513676e-003	2.49518607e-002	2.49518607e-002	0.00000000e+000	
4.66839226e-003	2.49515785e-002	2.49515785e-002	0.00000000e+000	
4.67164777e-003	2.49512962e-002	2.49512962e-002	0.00000000e+000	
4.67490327e-003	2.49510140e-002	2.49510140e-002	0.00000000e+000	
4.67815877e-003	2.49507317e-002	2.49507317e-002	0.00000000e+000	
4.68141428e-003	2.49504495e-002	2.49504495e-002	0.00000000e+000	
4.68466978e-003	2.49501673e-002	2.49501673e-002	0.00000000e+000	
4.68792528e-003	2.49498850e-002	2.49498850e-002	0.00000000e+000	
4.69118079e-003	2.49496028e-002	2.49496028e-002	0.00000000e+000	
4.69443629e-003	2.49493184e-002	2.49493184e-002	0.00000000e+000	
4.69769179e-003	2.49490164e-002	2.49490164e-002	0.00000000e+000	
4.70094730e-003	2.49487145e-002	2.49487145e-002	0.00000000e+000	
4.70420280e-003	2.49484126e-002	2.49484126e-002	0.00000000e+000	
4.70745831e-003	2.49481107e-002	2.49481107e-002	0.00000000e+000	
4.71071381e-003	2.49478087e-002	2.49478087e-002	0.00000000e+000	
4.71396931e-003	2.49475068e-002	2.49475068e-002	0.00000000e+000	
4.71722482e-003	2.49472049e-002	2.49472049e-002	0.00000000e+000	
4.72048032e-003	2.49469030e-002	2.49469030e-002	0.00000000e+000	
4.72373582e-003	2.49466010e-002	2.49466010e-002	0.00000000e+000	
4.72699133e-003	2.49462991e-002	2.49462991e-002	0.00000000e+000	
4.73024683e-003	2.49459972e-002	2.49459972e-002	0.00000000e+000	
4.73350233e-003	2.49456953e-002	2.49456953e-002	0.00000000e+000	
4.73675784e-003	2.49453933e-002	2.49453933e-002	0.00000000e+000	
4.74001334e-003	2.49450914e-002	2.49450914e-002	0.00000000e+000	
4.74326885e-003	2.49447895e-002	2.49447895e-002	0.00000000e+000	
4.74652435e-003	2.49444876e-002	2.49444876e-002	0.00000000e+000	
4.74977985e-003	2.49441856e-002	2.49441856e-002	0.00000000e+000	
4.75303536e-003	2.49438837e-002	2.49438837e-002	0.00000000e+000	
4.75629086e-003	2.49435818e-002	2.49435818e-002	0.00000000e+000	
4.75954636e-003	2.49432799e-002	2.49432799e-002	0.00000000e+000	
4.76280187e-003	2.49429779e-002	2.49429779e-002	0.00000000e+000	
4.76605737e-003	2.49426760e-002	2.49426760e-002	0.00000000e+000	
4.76931288e-003	2.49423741e-002	2.49423741e-002	0.00000000e+000	
4.77256838e-003	2.49420722e-002	2.49420722e-002	0.00000000e+000	
4.77582388e-003	2.49417702e-002	2.49417702e-002	0.00000000e+000	
4.77907939e-003	2.49414683e-002	2.49414683e-002	0.00000000e+000	
4.78233489e-003	2.49411597e-002	2.49411597e-002	0.00000000e+000	
4.78559039e-003	2.49408481e-002	2.49408481e-002	0.00000000e+000	
4.78884590e-003	2.49405365e-002	2.49405365e-002	0.00000000e+000	
4.79210140e-003	2.49402249e-002	2.49402249e-002	0.00000000e+000	
4.79535690e-003	2.49399133e-002	2.49399133e-002	0.00000000e+000	
4.79861241e-003	2.49396017e-002	2.49396017e-002	0.00000000e+000	
4.80186791e-003	2.49392901e-002	2.49392901e-002	0.00000000e+000	
4.80512342e-003	2.49389786e-002	2.49389786e-002	0.00000000e+000	
4.80837892e-003	2.49386670e-002	2.49386670e-002	0.00000000e+000	
4.81163442e-003	2.49383554e-002	2.49383554e-002	0.00000000e+000	
4.81488993e-003	2.49380438e-002	2.49380438e-002	0.00000000e+000	
4.81814543e-003	2.49377322e-002	2.49377322e-002	0.00000000e+000	
4.82140093e-003	2.49374206e-002	2.49374206e-002	0.00000000e+000	
4.82465644e-003	2.49371090e-002	2.49371090e-002	0.00000000e+000	
4.82791194e-003	2.49367974e-002	2.49367974e-002	0.00000000e+000	
4.83116744e-003	2.49364858e-002	2.49364858e-002	0.00000000e+000	
4.83442295e-003	2.49361743e-002	2.49361743e-002	0.00000000e+000	
4.83767845e-003	2.49358627e-002	2.49358627e-002	0.00000000e+000	
4.84093396e-003	2.49355511e-002	2.49355511e-002	0.00000000e+000	
4.84418946e-003	2.49352395e-002	2.49352395e-002	0.00000000e+000	
4.84744496e-003	2.49349279e-002	2.49349279e-002	0.00000000e+000	
4.85070047e-003	2.49346129e-002	2.49346129e-002	0.00000000e+000	
4.85395597e-003	2.49342918e-002	2.49342918e-002	0.00000000e+000	
4.85721147e-003	2.49339707e-002	2.49339707e-002	0.00000000e+000	
4.86046698e-003	2.49336496e-002	2.49336496e-002	0.00000000e+000	
4.86372248e-003	2.49333284e-002	2.49333284e-002	0.00000000e+000	
4.86697799e-003	2.49330073e-002	2.49330073e-002	0.00000000e+000	
4.87023349e-003	2.49326862e-002	2.49326862e-002	0.00000000e+000	
4.87348899e-003	2.49323651e-002	2.49323651e-002	0.00000000e+000	
4.87674450e-003	2.49320440e-002	2.49320440e-002	0.00000000e+000	
4.88000000e-003	2.49317229e-002	2.49317229e-002	0.00000000e+000	
