% Column 0: Length, m
% Column 1: |V|, Volts
% Column 2: Re[V], Volts
% Column 3: Im[V], Volts
0.00000000e+000	0.00000000e+000	0.00000000e+000	0.00000000e+000	
3.30220821e-006	7.15277589e-003	7.15277589e-003	0.00000000e+000	
6.60441641e-006	7.15217543e-003	7.15217543e-003	0.00000000e+000	
9.90662462e-006	7.15157497e-003	7.15157497e-003	0.00000000e+000	
1.32088328e-005	7.15097451e-003	7.15097451e-003	0.00000000e+000	
1.65110410e-005	7.15057088e-003	7.15057088e-003	0.00000000e+000	
1.98132492e-005	7.15043288e-003	7.15043288e-003	0.00000000e+000	
2.31154574e-005	7.15029487e-003	7.15029487e-003	0.00000000e+000	
2.64176656e-005	7.15015687e-003	7.15015687e-003	0.00000000e+000	
2.97198739e-005	7.15001887e-003	7.15001887e-003	0.00000000e+000	
3.30220821e-005	7.14988087e-003	7.14988087e-003	0.00000000e+000	
3.63242903e-005	7.14974287e-003	7.14974287e-003	0.00000000e+000	
3.96264985e-005	7.14960487e-003	7.14960487e-003	0.00000000e+000	
4.29287067e-005	7.14946687e-003	7.14946687e-003	0.00000000e+000	
4.62309149e-005	7.14932887e-003	7.14932887e-003	0.00000000e+000	
4.95331231e-005	7.14919087e-003	7.14919087e-003	0.00000000e+000	
5.28353313e-005	7.14905287e-003	7.14905287e-003	0.00000000e+000	
5.61375395e-005	7.14891486e-003	7.14891486e-003	0.00000000e+000	
5.94397477e-005	7.14877686e-003	7.14877686e-003	0.00000000e+000	
6.27419559e-005	7.14863886e-003	7.14863886e-003	0.00000000e+000	
6.60441641e-005	7.14850086e-003	7.14850086e-003	0.00000000e+000	
6.93463723e-005	7.14836286e-003	7.14836286e-003	0.00000000e+000	
7.26485805e-005	7.14822486e-003	7.14822486e-003	0.00000000e+000	
7.59507887e-005	7.14808686e-003	7.14808686e-003	0.00000000e+000	
7.92529969e-005	7.14794886e-003	7.14794886e-003	0.00000000e+000	
8.25552052e-005	7.14781086e-003	7.14781086e-003	0.00000000e+000	
8.58574134e-005	7.14767286e-003	7.14767286e-003	0.00000000e+000	
8.91596216e-005	7.14753485e-003	7.14753485e-003	0.00000000e+000	
9.24618298e-005	7.14739685e-003	7.14739685e-003	0.00000000e+000	
9.57640380e-005	7.14725885e-003	7.14725885e-003	0.00000000e+000	
9.90662462e-005	7.14712085e-003	7.14712085e-003	0.00000000e+000	
1.02368454e-004	7.14698285e-003	7.14698285e-003	0.00000000e+000	
1.05670663e-004	7.14684485e-003	7.14684485e-003	0.00000000e+000	
1.08972871e-004	7.14670685e-003	7.14670685e-003	0.00000000e+000	
1.12275079e-004	7.14656885e-003	7.14656885e-003	0.00000000e+000	
1.15577287e-004	7.14643085e-003	7.14643085e-003	0.00000000e+000	
1.18879495e-004	7.14629285e-003	7.14629285e-003	0.00000000e+000	
1.22181704e-004	7.14615485e-003	7.14615485e-003	0.00000000e+000	
1.25483912e-004	7.14576209e-003	7.14576209e-003	0.00000000e+000	
1.28786120e-004	7.14519679e-003	7.14519679e-003	0.00000000e+000	
1.32088328e-004	7.14463149e-003	7.14463149e-003	0.00000000e+000	
1.35390536e-004	7.14406619e-003	7.14406619e-003	0.00000000e+000	
1.38692745e-004	7.14350089e-003	7.14350089e-003	0.00000000e+000	
1.41994953e-004	7.14293559e-003	7.14293559e-003	0.00000000e+000	
1.45297161e-004	7.14237029e-003	7.14237029e-003	0.00000000e+000	
1.48599369e-004	7.14180499e-003	7.14180499e-003	0.00000000e+000	
1.51901577e-004	7.14123969e-003	7.14123969e-003	0.00000000e+000	
1.55203786e-004	7.14067439e-003	7.14067439e-003	0.00000000e+000	
1.58505994e-004	7.14010909e-003	7.14010909e-003	0.00000000e+000	
1.61808202e-004	7.13954379e-003	7.13954379e-003	0.00000000e+000	
1.65110410e-004	7.13897849e-003	7.13897849e-003	0.00000000e+000	
1.68412619e-004	7.13841319e-003	7.13841319e-003	0.00000000e+000	
1.71714827e-004	7.13784789e-003	7.13784789e-003	0.00000000e+000	
1.75017035e-004	7.13728259e-003	7.13728259e-003	0.00000000e+000	
1.78319243e-004	7.13671729e-003	7.13671729e-003	0.00000000e+000	
1.81621451e-004	7.13615199e-003	7.13615199e-003	0.00000000e+000	
1.84923660e-004	7.13558669e-003	7.13558669e-003	0.00000000e+000	
1.88225868e-004	7.13502139e-003	7.13502139e-003	0.00000000e+000	
1.91528076e-004	7.13445609e-003	7.13445609e-003	0.00000000e+000	
1.94830284e-004	7.13389079e-003	7.13389079e-003	0.00000000e+000	
1.98132492e-004	7.13332550e-003	7.13332550e-003	0.00000000e+000	
2.01434701e-004	7.13276020e-003	7.13276020e-003	0.00000000e+000	
2.04736909e-004	7.13219490e-003	7.13219490e-003	0.00000000e+000	
2.08039117e-004	7.13162960e-003	7.13162960e-003	0.00000000e+000	
2.11341325e-004	7.13106430e-003	7.13106430e-003	0.00000000e+000	
2.14643533e-004	7.13049900e-003	7.13049900e-003	0.00000000e+000	
2.17945742e-004	7.12993370e-003	7.12993370e-003	0.00000000e+000	
2.21247950e-004	7.12936840e-003	7.12936840e-003	0.00000000e+000	
2.24550158e-004	7.12880310e-003	7.12880310e-003	0.00000000e+000	
2.27852366e-004	7.12823780e-003	7.12823780e-003	0.00000000e+000	
2.31154574e-004	7.12767250e-003	7.12767250e-003	0.00000000e+000	
2.34456783e-004	7.12710720e-003	7.12710720e-003	0.00000000e+000	
2.37758991e-004	7.12654190e-003	7.12654190e-003	0.00000000e+000	
2.41061199e-004	7.12597660e-003	7.12597660e-003	0.00000000e+000	
2.44363407e-004	7.12541130e-003	7.12541130e-003	0.00000000e+000	
2.47665615e-004	7.12484600e-003	7.12484600e-003	0.00000000e+000	
2.50967824e-004	7.12428070e-003	7.12428070e-003	0.00000000e+000	
2.54270032e-004	7.12371540e-003	7.12371540e-003	0.00000000e+000	
2.57572240e-004	7.12315010e-003	7.12315010e-003	0.00000000e+000	
2.60874448e-004	7.12258480e-003	7.12258480e-003	0.00000000e+000	
2.64176656e-004	7.12201950e-003	7.12201950e-003	0.00000000e+000	
2.67478865e-004	7.12145420e-003	7.12145420e-003	0.00000000e+000	
2.70781073e-004	7.12088890e-003	7.12088890e-003	0.00000000e+000	
2.74083281e-004	7.12032360e-003	7.12032360e-003	0.00000000e+000	
2.77385489e-004	7.11975830e-003	7.11975830e-003	0.00000000e+000	
2.80687698e-004	7.11919300e-003	7.11919300e-003	0.00000000e+000	
2.83989906e-004	7.11862770e-003	7.11862770e-003	0.00000000e+000	
2.87292114e-004	7.11806240e-003	7.11806240e-003	0.00000000e+000	
2.90594322e-004	7.11749710e-003	7.11749710e-003	0.00000000e+000	
2.93896530e-004	7.11693180e-003	7.11693180e-003	0.00000000e+000	
2.97198739e-004	7.11636650e-003	7.11636650e-003	0.00000000e+000	
3.00500947e-004	7.11580120e-003	7.11580120e-003	0.00000000e+000	
3.03803155e-004	7.11523590e-003	7.11523590e-003	0.00000000e+000	
3.07105363e-004	7.11476490e-003	7.11476490e-003	0.00000000e+000	
3.10407571e-004	7.11453484e-003	7.11453484e-003	0.00000000e+000	
3.13709780e-004	7.11430478e-003	7.11430478e-003	0.00000000e+000	
3.17011988e-004	7.11407472e-003	7.11407472e-003	0.00000000e+000	
3.20314196e-004	7.11384466e-003	7.11384466e-003	0.00000000e+000	
3.23616404e-004	7.11361461e-003	7.11361461e-003	0.00000000e+000	
3.26918612e-004	7.11338455e-003	7.11338455e-003	0.00000000e+000	
3.30220821e-004	7.11315449e-003	7.11315449e-003	0.00000000e+000	
3.33523029e-004	7.11292443e-003	7.11292443e-003	0.00000000e+000	
3.36825237e-004	7.11269437e-003	7.11269437e-003	0.00000000e+000	
3.40127445e-004	7.11246431e-003	7.11246431e-003	0.00000000e+000	
3.43429653e-004	7.11223425e-003	7.11223425e-003	0.00000000e+000	
3.46731862e-004	7.11200419e-003	7.11200419e-003	0.00000000e+000	
3.50034070e-004	7.11177413e-003	7.11177413e-003	0.00000000e+000	
3.53336278e-004	7.11154407e-003	7.11154407e-003	0.00000000e+000	
3.56638486e-004	7.11131401e-003	7.11131401e-003	0.00000000e+000	
3.59940694e-004	7.11108396e-003	7.11108396e-003	0.00000000e+000	
3.63242903e-004	7.11085390e-003	7.11085390e-003	0.00000000e+000	
3.66545111e-004	7.11062384e-003	7.11062384e-003	0.00000000e+000	
3.69847319e-004	7.11039378e-003	7.11039378e-003	0.00000000e+000	
3.73149527e-004	7.11016372e-003	7.11016372e-003	0.00000000e+000	
3.76451735e-004	7.10993366e-003	7.10993366e-003	0.00000000e+000	
3.79753944e-004	7.10970360e-003	7.10970360e-003	0.00000000e+000	
3.83056152e-004	7.10947354e-003	7.10947354e-003	0.00000000e+000	
3.86358360e-004	7.10924348e-003	7.10924348e-003	0.00000000e+000	
3.89660568e-004	7.10901342e-003	7.10901342e-003	0.00000000e+000	
3.92962777e-004	7.10878336e-003	7.10878336e-003	0.00000000e+000	
3.96264985e-004	7.10855331e-003	7.10855331e-003	0.00000000e+000	
3.99567193e-004	7.10832325e-003	7.10832325e-003	0.00000000e+000	
4.02869401e-004	7.10809319e-003	7.10809319e-003	0.00000000e+000	
4.06171609e-004	7.10786344e-003	7.10786344e-003	0.00000000e+000	
4.09473818e-004	7.10770775e-003	7.10770775e-003	0.00000000e+000	
4.12776026e-004	7.10755205e-003	7.10755205e-003	0.00000000e+000	
4.16078234e-004	7.10739636e-003	7.10739636e-003	0.00000000e+000	
4.19380442e-004	7.10724066e-003	7.10724066e-003	0.00000000e+000	
4.22682650e-004	7.10708497e-003	7.10708497e-003	0.00000000e+000	
4.25984859e-004	7.10692927e-003	7.10692927e-003	0.00000000e+000	
4.29287067e-004	7.10677358e-003	7.10677358e-003	0.00000000e+000	
4.32589275e-004	7.10661789e-003	7.10661789e-003	0.00000000e+000	
4.35891483e-004	7.10646219e-003	7.10646219e-003	0.00000000e+000	
4.39193691e-004	7.10630650e-003	7.10630650e-003	0.00000000e+000	
4.42495900e-004	7.10615080e-003	7.10615080e-003	0.00000000e+000	
4.45798108e-004	7.10599511e-003	7.10599511e-003	0.00000000e+000	
4.49100316e-004	7.10583941e-003	7.10583941e-003	0.00000000e+000	
4.52402524e-004	7.10568372e-003	7.10568372e-003	0.00000000e+000	
4.55704732e-004	7.10552802e-003	7.10552802e-003	0.00000000e+000	
4.59006941e-004	7.10537233e-003	7.10537233e-003	0.00000000e+000	
4.62309149e-004	7.10521663e-003	7.10521663e-003	0.00000000e+000	
4.65611357e-004	7.10506094e-003	7.10506094e-003	0.00000000e+000	
4.68913565e-004	7.10490524e-003	7.10490524e-003	0.00000000e+000	
4.72215773e-004	7.10474955e-003	7.10474955e-003	0.00000000e+000	
4.75517982e-004	7.10459385e-003	7.10459385e-003	0.00000000e+000	
4.78820190e-004	7.10443816e-003	7.10443816e-003	0.00000000e+000	
4.82122398e-004	7.10428247e-003	7.10428247e-003	0.00000000e+000	
4.85424606e-004	7.10412677e-003	7.10412677e-003	0.00000000e+000	
4.88726815e-004	7.10397108e-003	7.10397108e-003	0.00000000e+000	
4.92029023e-004	7.10381538e-003	7.10381538e-003	0.00000000e+000	
4.95331231e-004	7.10365969e-003	7.10365969e-003	0.00000000e+000	
4.98633439e-004	7.10350399e-003	7.10350399e-003	0.00000000e+000	
5.01935647e-004	7.10334830e-003	7.10334830e-003	0.00000000e+000	
5.05237856e-004	7.10319260e-003	7.10319260e-003	0.00000000e+000	
5.08540064e-004	7.10303691e-003	7.10303691e-003	0.00000000e+000	
5.11842272e-004	7.10288121e-003	7.10288121e-003	0.00000000e+000	
5.15144480e-004	7.10272552e-003	7.10272552e-003	0.00000000e+000	
5.18446688e-004	7.10256982e-003	7.10256982e-003	0.00000000e+000	
5.21748897e-004	7.10241413e-003	7.10241413e-003	0.00000000e+000	
5.25051105e-004	7.10225843e-003	7.10225843e-003	0.00000000e+000	
5.28353313e-004	7.10210274e-003	7.10210274e-003	0.00000000e+000	
5.31655521e-004	7.10194704e-003	7.10194704e-003	0.00000000e+000	
5.34957729e-004	7.10179135e-003	7.10179135e-003	0.00000000e+000	
5.38259938e-004	7.10163566e-003	7.10163566e-003	0.00000000e+000	
5.41562146e-004	7.10147996e-003	7.10147996e-003	0.00000000e+000	
5.44864354e-004	7.10132427e-003	7.10132427e-003	0.00000000e+000	
5.48166562e-004	7.10116857e-003	7.10116857e-003	0.00000000e+000	
5.51468770e-004	7.10101288e-003	7.10101288e-003	0.00000000e+000	
5.54770979e-004	7.10085718e-003	7.10085718e-003	0.00000000e+000	
5.58073187e-004	7.10070149e-003	7.10070149e-003	0.00000000e+000	
5.61375395e-004	7.10054579e-003	7.10054579e-003	0.00000000e+000	
5.64677603e-004	7.10039010e-003	7.10039010e-003	0.00000000e+000	
5.67979811e-004	7.10023440e-003	7.10023440e-003	0.00000000e+000	
5.71282020e-004	7.10007871e-003	7.10007871e-003	0.00000000e+000	
5.74584228e-004	7.09992301e-003	7.09992301e-003	0.00000000e+000	
5.77886436e-004	7.09976732e-003	7.09976732e-003	0.00000000e+000	
5.81188644e-004	7.09961162e-003	7.09961162e-003	0.00000000e+000	
5.84490852e-004	7.09945593e-003	7.09945593e-003	0.00000000e+000	
5.87793061e-004	7.09930024e-003	7.09930024e-003	0.00000000e+000	
5.91095269e-004	7.09914454e-003	7.09914454e-003	0.00000000e+000	
5.94397477e-004	7.09898885e-003	7.09898885e-003	0.00000000e+000	
5.97699685e-004	7.09883315e-003	7.09883315e-003	0.00000000e+000	
6.01001894e-004	7.09867746e-003	7.09867746e-003	0.00000000e+000	
6.04304102e-004	7.09852176e-003	7.09852176e-003	0.00000000e+000	
6.07606310e-004	7.09836607e-003	7.09836607e-003	0.00000000e+000	
6.10908518e-004	7.09821037e-003	7.09821037e-003	0.00000000e+000	
6.14210726e-004	7.09805468e-003	7.09805468e-003	0.00000000e+000	
6.17512935e-004	7.09789898e-003	7.09789898e-003	0.00000000e+000	
6.20815143e-004	7.09774329e-003	7.09774329e-003	0.00000000e+000	
6.24117351e-004	7.09758759e-003	7.09758759e-003	0.00000000e+000	
6.27419559e-004	7.09743190e-003	7.09743190e-003	0.00000000e+000	
6.30721767e-004	7.09727620e-003	7.09727620e-003	0.00000000e+000	
6.34023976e-004	7.09711486e-003	7.09711486e-003	0.00000000e+000	
6.37326184e-004	7.09688338e-003	7.09688338e-003	0.00000000e+000	
6.40628392e-004	7.09665191e-003	7.09665191e-003	0.00000000e+000	
6.43930600e-004	7.09642043e-003	7.09642043e-003	0.00000000e+000	
6.47232808e-004	7.09618895e-003	7.09618895e-003	0.00000000e+000	
6.50535017e-004	7.09595748e-003	7.09595748e-003	0.00000000e+000	
6.53837225e-004	7.09572600e-003	7.09572600e-003	0.00000000e+000	
6.57139433e-004	7.09549452e-003	7.09549452e-003	0.00000000e+000	
6.60441641e-004	7.09526305e-003	7.09526305e-003	0.00000000e+000	
6.63743849e-004	7.09503157e-003	7.09503157e-003	0.00000000e+000	
6.67046058e-004	7.09480009e-003	7.09480009e-003	0.00000000e+000	
6.70348266e-004	7.09456862e-003	7.09456862e-003	0.00000000e+000	
6.73650474e-004	7.09433714e-003	7.09433714e-003	0.00000000e+000	
6.76952682e-004	7.09410566e-003	7.09410566e-003	0.00000000e+000	
6.80254890e-004	7.09387419e-003	7.09387419e-003	0.00000000e+000	
6.83557099e-004	7.09364271e-003	7.09364271e-003	0.00000000e+000	
6.86859307e-004	7.09341123e-003	7.09341123e-003	0.00000000e+000	
6.90161515e-004	7.09317976e-003	7.09317976e-003	0.00000000e+000	
6.93463723e-004	7.09294828e-003	7.09294828e-003	0.00000000e+000	
6.96765931e-004	7.09271680e-003	7.09271680e-003	0.00000000e+000	
7.00068140e-004	7.09248533e-003	7.09248533e-003	0.00000000e+000	
7.03370348e-004	7.09225385e-003	7.09225385e-003	0.00000000e+000	
7.06672556e-004	7.09202237e-003	7.09202237e-003	0.00000000e+000	
7.09974764e-004	7.09179090e-003	7.09179090e-003	0.00000000e+000	
7.13276973e-004	7.09155942e-003	7.09155942e-003	0.00000000e+000	
7.16579181e-004	7.09132794e-003	7.09132794e-003	0.00000000e+000	
7.19881389e-004	7.09109647e-003	7.09109647e-003	0.00000000e+000	
7.23183597e-004	7.09086499e-003	7.09086499e-003	0.00000000e+000	
7.26485805e-004	7.09063351e-003	7.09063351e-003	0.00000000e+000	
7.29788014e-004	7.09040204e-003	7.09040204e-003	0.00000000e+000	
7.33090222e-004	7.09017056e-003	7.09017056e-003	0.00000000e+000	
7.36392430e-004	7.08993845e-003	7.08993845e-003	0.00000000e+000	
7.39694638e-004	7.08952543e-003	7.08952543e-003	0.00000000e+000	
7.42996846e-004	7.08911241e-003	7.08911241e-003	0.00000000e+000	
7.46299055e-004	7.08869939e-003	7.08869939e-003	0.00000000e+000	
7.49601263e-004	7.08828636e-003	7.08828636e-003	0.00000000e+000	
7.52903471e-004	7.08787334e-003	7.08787334e-003	0.00000000e+000	
7.56205679e-004	7.08746032e-003	7.08746032e-003	0.00000000e+000	
7.59507887e-004	7.08704730e-003	7.08704730e-003	0.00000000e+000	
7.62810096e-004	7.08663427e-003	7.08663427e-003	0.00000000e+000	
7.66112304e-004	7.08622125e-003	7.08622125e-003	0.00000000e+000	
7.69414512e-004	7.08580823e-003	7.08580823e-003	0.00000000e+000	
7.72716720e-004	7.08539521e-003	7.08539521e-003	0.00000000e+000	
7.76018928e-004	7.08498219e-003	7.08498219e-003	0.00000000e+000	
7.79321137e-004	7.08456916e-003	7.08456916e-003	0.00000000e+000	
7.82623345e-004	7.08415614e-003	7.08415614e-003	0.00000000e+000	
7.85925553e-004	7.08374312e-003	7.08374312e-003	0.00000000e+000	
7.89227761e-004	7.08333010e-003	7.08333010e-003	0.00000000e+000	
7.92529969e-004	7.08291707e-003	7.08291707e-003	0.00000000e+000	
7.95832178e-004	7.08250405e-003	7.08250405e-003	0.00000000e+000	
7.99134386e-004	7.08209103e-003	7.08209103e-003	0.00000000e+000	
8.02436594e-004	7.08167801e-003	7.08167801e-003	0.00000000e+000	
8.05738802e-004	7.08126499e-003	7.08126499e-003	0.00000000e+000	
8.09041011e-004	7.08085196e-003	7.08085196e-003	0.00000000e+000	
8.12343219e-004	7.08043894e-003	7.08043894e-003	0.00000000e+000	
8.15645427e-004	7.08002592e-003	7.08002592e-003	0.00000000e+000	
8.18947635e-004	7.07961290e-003	7.07961290e-003	0.00000000e+000	
8.22249843e-004	7.07919988e-003	7.07919988e-003	0.00000000e+000	
8.25552052e-004	7.07878685e-003	7.07878685e-003	0.00000000e+000	
8.28854260e-004	7.07837383e-003	7.07837383e-003	0.00000000e+000	
8.32156468e-004	7.07796081e-003	7.07796081e-003	0.00000000e+000	
8.35458676e-004	7.07754779e-003	7.07754779e-003	0.00000000e+000	
8.38760884e-004	7.07713476e-003	7.07713476e-003	0.00000000e+000	
8.42063093e-004	7.07672174e-003	7.07672174e-003	0.00000000e+000	
8.45365301e-004	7.07630872e-003	7.07630872e-003	0.00000000e+000	
8.48667509e-004	7.07589570e-003	7.07589570e-003	0.00000000e+000	
8.51969717e-004	7.07548268e-003	7.07548268e-003	0.00000000e+000	
8.55271925e-004	7.07506965e-003	7.07506965e-003	0.00000000e+000	
8.58574134e-004	7.07465663e-003	7.07465663e-003	0.00000000e+000	
8.61876342e-004	7.07424361e-003	7.07424361e-003	0.00000000e+000	
8.65178550e-004	7.07383059e-003	7.07383059e-003	0.00000000e+000	
8.68480758e-004	7.07341756e-003	7.07341756e-003	0.00000000e+000	
8.71782966e-004	7.07300454e-003	7.07300454e-003	0.00000000e+000	
8.75085175e-004	7.07259152e-003	7.07259152e-003	0.00000000e+000	
8.78387383e-004	7.07217850e-003	7.07217850e-003	0.00000000e+000	
8.81689591e-004	7.07176548e-003	7.07176548e-003	0.00000000e+000	
8.84991799e-004	7.07135245e-003	7.07135245e-003	0.00000000e+000	
8.88294007e-004	7.07093943e-003	7.07093943e-003	0.00000000e+000	
8.91596216e-004	7.07052641e-003	7.07052641e-003	0.00000000e+000	
8.94898424e-004	7.07011339e-003	7.07011339e-003	0.00000000e+000	
8.98200632e-004	7.06970037e-003	7.06970037e-003	0.00000000e+000	
9.01502840e-004	7.06928734e-003	7.06928734e-003	0.00000000e+000	
9.04805048e-004	7.06887432e-003	7.06887432e-003	0.00000000e+000	
9.08107257e-004	7.06846130e-003	7.06846130e-003	0.00000000e+000	
9.11409465e-004	7.06804828e-003	7.06804828e-003	0.00000000e+000	
9.14711673e-004	7.06763525e-003	7.06763525e-003	0.00000000e+000	
9.18013881e-004	7.06722223e-003	7.06722223e-003	0.00000000e+000	
9.21316090e-004	7.06680921e-003	7.06680921e-003	0.00000000e+000	
9.24618298e-004	7.06639619e-003	7.06639619e-003	0.00000000e+000	
9.27920506e-004	7.06598317e-003	7.06598317e-003	0.00000000e+000	
9.31222714e-004	7.06557014e-003	7.06557014e-003	0.00000000e+000	
9.34524922e-004	7.06515712e-003	7.06515712e-003	0.00000000e+000	
9.37827131e-004	7.06474410e-003	7.06474410e-003	0.00000000e+000	
9.41129339e-004	7.06433108e-003	7.06433108e-003	0.00000000e+000	
9.44431547e-004	7.06391805e-003	7.06391805e-003	0.00000000e+000	
9.47733755e-004	7.06350503e-003	7.06350503e-003	0.00000000e+000	
9.51035963e-004	7.06309201e-003	7.06309201e-003	0.00000000e+000	
9.54338172e-004	7.06267899e-003	7.06267899e-003	0.00000000e+000	
9.57640380e-004	7.06226597e-003	7.06226597e-003	0.00000000e+000	
9.60942588e-004	7.06185294e-003	7.06185294e-003	0.00000000e+000	
9.64244796e-004	7.06143992e-003	7.06143992e-003	0.00000000e+000	
9.67547004e-004	7.06102690e-003	7.06102690e-003	0.00000000e+000	
9.70849213e-004	7.06061388e-003	7.06061388e-003	0.00000000e+000	
9.74151421e-004	7.06020086e-003	7.06020086e-003	0.00000000e+000	
9.77453629e-004	7.05978783e-003	7.05978783e-003	0.00000000e+000	
9.80755837e-004	7.05937481e-003	7.05937481e-003	0.00000000e+000	
9.84058045e-004	7.05896179e-003	7.05896179e-003	0.00000000e+000	
9.87360254e-004	7.05854877e-003	7.05854877e-003	0.00000000e+000	
9.90662462e-004	7.05813574e-003	7.05813574e-003	0.00000000e+000	
9.93964670e-004	7.05772272e-003	7.05772272e-003	0.00000000e+000	
9.97266878e-004	7.05730970e-003	7.05730970e-003	0.00000000e+000	
1.00056909e-003	7.05689668e-003	7.05689668e-003	0.00000000e+000	
1.00387129e-003	7.05648366e-003	7.05648366e-003	0.00000000e+000	
1.00717350e-003	7.05607063e-003	7.05607063e-003	0.00000000e+000	
1.01047571e-003	7.05565761e-003	7.05565761e-003	0.00000000e+000	
1.01377792e-003	7.05524459e-003	7.05524459e-003	0.00000000e+000	
1.01708013e-003	7.05483157e-003	7.05483157e-003	0.00000000e+000	
1.02038234e-003	7.05441854e-003	7.05441854e-003	0.00000000e+000	
1.02368454e-003	7.05400552e-003	7.05400552e-003	0.00000000e+000	
1.02698675e-003	7.05359250e-003	7.05359250e-003	0.00000000e+000	
1.03028896e-003	7.05317948e-003	7.05317948e-003	0.00000000e+000	
1.03359117e-003	7.05276646e-003	7.05276646e-003	0.00000000e+000	
1.03689338e-003	7.05235343e-003	7.05235343e-003	0.00000000e+000	
1.04019558e-003	7.05194041e-003	7.05194041e-003	0.00000000e+000	
1.04349779e-003	7.05152739e-003	7.05152739e-003	0.00000000e+000	
1.04680000e-003	7.05111437e-003	7.05111437e-003	0.00000000e+000	
1.05010221e-003	7.05070135e-003	7.05070135e-003	0.00000000e+000	
1.05340442e-003	7.05028832e-003	7.05028832e-003	0.00000000e+000	
1.05670663e-003	7.04987530e-003	7.04987530e-003	0.00000000e+000	
1.06000883e-003	7.04946228e-003	7.04946228e-003	0.00000000e+000	
1.06331104e-003	7.04904926e-003	7.04904926e-003	0.00000000e+000	
1.06661325e-003	7.04863623e-003	7.04863623e-003	0.00000000e+000	
1.06991546e-003	7.04822321e-003	7.04822321e-003	0.00000000e+000	
1.07321767e-003	7.04781019e-003	7.04781019e-003	0.00000000e+000	
1.07651988e-003	7.04739717e-003	7.04739717e-003	0.00000000e+000	
1.07982208e-003	7.04698415e-003	7.04698415e-003	0.00000000e+000	
1.08312429e-003	7.04657112e-003	7.04657112e-003	0.00000000e+000	
1.08642650e-003	7.04615810e-003	7.04615810e-003	0.00000000e+000	
1.08972871e-003	7.04574508e-003	7.04574508e-003	0.00000000e+000	
1.09303092e-003	7.04533206e-003	7.04533206e-003	0.00000000e+000	
1.09633312e-003	7.04491903e-003	7.04491903e-003	0.00000000e+000	
1.09963533e-003	7.04450601e-003	7.04450601e-003	0.00000000e+000	
1.10293754e-003	7.04409299e-003	7.04409299e-003	0.00000000e+000	
1.10623975e-003	7.04367997e-003	7.04367997e-003	0.00000000e+000	
1.10954196e-003	7.04326695e-003	7.04326695e-003	0.00000000e+000	
1.11284417e-003	7.04285392e-003	7.04285392e-003	0.00000000e+000	
1.11614637e-003	7.04244090e-003	7.04244090e-003	0.00000000e+000	
1.11944858e-003	7.04202788e-003	7.04202788e-003	0.00000000e+000	
1.12275079e-003	7.04161486e-003	7.04161486e-003	0.00000000e+000	
1.12605300e-003	7.04120184e-003	7.04120184e-003	0.00000000e+000	
1.12935521e-003	7.04078881e-003	7.04078881e-003	0.00000000e+000	
1.13265741e-003	7.04037579e-003	7.04037579e-003	0.00000000e+000	
1.13595962e-003	7.03996277e-003	7.03996277e-003	0.00000000e+000	
1.13926183e-003	7.03954975e-003	7.03954975e-003	0.00000000e+000	
1.14256404e-003	7.03913672e-003	7.03913672e-003	0.00000000e+000	
1.14586625e-003	7.03872370e-003	7.03872370e-003	0.00000000e+000	
1.14916846e-003	7.03831068e-003	7.03831068e-003	0.00000000e+000	
1.15247066e-003	7.03789766e-003	7.03789766e-003	0.00000000e+000	
1.15577287e-003	7.03748464e-003	7.03748464e-003	0.00000000e+000	
1.15907508e-003	7.03707161e-003	7.03707161e-003	0.00000000e+000	
1.16237729e-003	7.03665859e-003	7.03665859e-003	0.00000000e+000	
1.16567950e-003	7.03624557e-003	7.03624557e-003	0.00000000e+000	
1.16898170e-003	7.03583255e-003	7.03583255e-003	0.00000000e+000	
1.17228391e-003	7.03541952e-003	7.03541952e-003	0.00000000e+000	
1.17558612e-003	7.03500650e-003	7.03500650e-003	0.00000000e+000	
1.17888833e-003	7.03459348e-003	7.03459348e-003	0.00000000e+000	
1.18219054e-003	7.03418046e-003	7.03418046e-003	0.00000000e+000	
1.18549275e-003	7.03376744e-003	7.03376744e-003	0.00000000e+000	
1.18879495e-003	7.03335441e-003	7.03335441e-003	0.00000000e+000	
1.19209716e-003	7.03294139e-003	7.03294139e-003	0.00000000e+000	
1.19539937e-003	7.03252837e-003	7.03252837e-003	0.00000000e+000	
1.19870158e-003	7.03211535e-003	7.03211535e-003	0.00000000e+000	
1.20200379e-003	7.03170233e-003	7.03170233e-003	0.00000000e+000	
1.20530600e-003	7.03128930e-003	7.03128930e-003	0.00000000e+000	
1.20860820e-003	7.03087628e-003	7.03087628e-003	0.00000000e+000	
1.21191041e-003	7.03046326e-003	7.03046326e-003	0.00000000e+000	
1.21521262e-003	7.03005024e-003	7.03005024e-003	0.00000000e+000	
1.21851483e-003	7.02963721e-003	7.02963721e-003	0.00000000e+000	
1.22181704e-003	7.02922419e-003	7.02922419e-003	0.00000000e+000	
1.22511924e-003	7.02881117e-003	7.02881117e-003	0.00000000e+000	
1.22842145e-003	7.02839815e-003	7.02839815e-003	0.00000000e+000	
1.23172366e-003	7.02798513e-003	7.02798513e-003	0.00000000e+000	
1.23502587e-003	7.02757210e-003	7.02757210e-003	0.00000000e+000	
1.23832808e-003	7.02715908e-003	7.02715908e-003	0.00000000e+000	
1.24163029e-003	7.02674606e-003	7.02674606e-003	0.00000000e+000	
1.24493249e-003	7.02633304e-003	7.02633304e-003	0.00000000e+000	
1.24823470e-003	7.02595730e-003	7.02595730e-003	0.00000000e+000	
1.25153691e-003	7.02559156e-003	7.02559156e-003	0.00000000e+000	
1.25483912e-003	7.02522581e-003	7.02522581e-003	0.00000000e+000	
1.25814133e-003	7.02486007e-003	7.02486007e-003	0.00000000e+000	
1.26144353e-003	7.02449433e-003	7.02449433e-003	0.00000000e+000	
1.26474574e-003	7.02412859e-003	7.02412859e-003	0.00000000e+000	
1.26804795e-003	7.02376285e-003	7.02376285e-003	0.00000000e+000	
1.27135016e-003	7.02339711e-003	7.02339711e-003	0.00000000e+000	
1.27465237e-003	7.02303136e-003	7.02303136e-003	0.00000000e+000	
1.27795458e-003	7.02266562e-003	7.02266562e-003	0.00000000e+000	
1.28125678e-003	7.02229988e-003	7.02229988e-003	0.00000000e+000	
1.28455899e-003	7.02193414e-003	7.02193414e-003	0.00000000e+000	
1.28786120e-003	7.02156840e-003	7.02156840e-003	0.00000000e+000	
1.29116341e-003	7.02120266e-003	7.02120266e-003	0.00000000e+000	
1.29446562e-003	7.02083692e-003	7.02083692e-003	0.00000000e+000	
1.29776783e-003	7.02047117e-003	7.02047117e-003	0.00000000e+000	
1.30107003e-003	7.02010543e-003	7.02010543e-003	0.00000000e+000	
1.30437224e-003	7.01973969e-003	7.01973969e-003	0.00000000e+000	
1.30767445e-003	7.01937395e-003	7.01937395e-003	0.00000000e+000	
1.31097666e-003	7.01900821e-003	7.01900821e-003	0.00000000e+000	
1.31427887e-003	7.01864247e-003	7.01864247e-003	0.00000000e+000	
1.31758107e-003	7.01823560e-003	7.01823560e-003	0.00000000e+000	
1.32088328e-003	7.01775103e-003	7.01775103e-003	0.00000000e+000	
1.32418549e-003	7.01726646e-003	7.01726646e-003	0.00000000e+000	
1.32748770e-003	7.01678189e-003	7.01678189e-003	0.00000000e+000	
1.33078991e-003	7.01629732e-003	7.01629732e-003	0.00000000e+000	
1.33409212e-003	7.01581274e-003	7.01581274e-003	0.00000000e+000	
1.33739432e-003	7.01532817e-003	7.01532817e-003	0.00000000e+000	
1.34069653e-003	7.01484360e-003	7.01484360e-003	0.00000000e+000	
1.34399874e-003	7.01435903e-003	7.01435903e-003	0.00000000e+000	
1.34730095e-003	7.01387446e-003	7.01387446e-003	0.00000000e+000	
1.35060316e-003	7.01338989e-003	7.01338989e-003	0.00000000e+000	
1.35390536e-003	7.01290532e-003	7.01290532e-003	0.00000000e+000	
1.35720757e-003	7.01242075e-003	7.01242075e-003	0.00000000e+000	
1.36050978e-003	7.01193618e-003	7.01193618e-003	0.00000000e+000	
1.36381199e-003	7.01145161e-003	7.01145161e-003	0.00000000e+000	
1.36711420e-003	7.01096704e-003	7.01096704e-003	0.00000000e+000	
1.37041641e-003	7.01048247e-003	7.01048247e-003	0.00000000e+000	
1.37371861e-003	7.00999790e-003	7.00999790e-003	0.00000000e+000	
1.37702082e-003	7.00951333e-003	7.00951333e-003	0.00000000e+000	
1.38032303e-003	7.00902875e-003	7.00902875e-003	0.00000000e+000	
1.38362524e-003	7.00854418e-003	7.00854418e-003	0.00000000e+000	
1.38692745e-003	7.00805961e-003	7.00805961e-003	0.00000000e+000	
1.39022965e-003	7.00757504e-003	7.00757504e-003	0.00000000e+000	
1.39353186e-003	7.00709047e-003	7.00709047e-003	0.00000000e+000	
1.39683407e-003	7.00660590e-003	7.00660590e-003	0.00000000e+000	
1.40013628e-003	7.00612133e-003	7.00612133e-003	0.00000000e+000	
1.40343849e-003	7.00563676e-003	7.00563676e-003	0.00000000e+000	
1.40674070e-003	7.00515219e-003	7.00515219e-003	0.00000000e+000	
1.41004290e-003	7.00466762e-003	7.00466762e-003	0.00000000e+000	
1.41334511e-003	7.00418305e-003	7.00418305e-003	0.00000000e+000	
1.41664732e-003	7.00369848e-003	7.00369848e-003	0.00000000e+000	
1.41994953e-003	7.00321391e-003	7.00321391e-003	0.00000000e+000	
1.42325174e-003	7.00272933e-003	7.00272933e-003	0.00000000e+000	
1.42655395e-003	7.00224476e-003	7.00224476e-003	0.00000000e+000	
1.42985615e-003	7.00176019e-003	7.00176019e-003	0.00000000e+000	
1.43315836e-003	7.00127562e-003	7.00127562e-003	0.00000000e+000	
1.43646057e-003	7.00079105e-003	7.00079105e-003	0.00000000e+000	
1.43976278e-003	7.00030648e-003	7.00030648e-003	0.00000000e+000	
1.44306499e-003	6.99982191e-003	6.99982191e-003	0.00000000e+000	
1.44636719e-003	6.99933734e-003	6.99933734e-003	0.00000000e+000	
1.44966940e-003	6.99885277e-003	6.99885277e-003	0.00000000e+000	
1.45297161e-003	6.99836820e-003	6.99836820e-003	0.00000000e+000	
1.45627382e-003	6.99788363e-003	6.99788363e-003	0.00000000e+000	
1.45957603e-003	6.99739906e-003	6.99739906e-003	0.00000000e+000	
1.46287824e-003	6.99691449e-003	6.99691449e-003	0.00000000e+000	
1.46618044e-003	6.99642992e-003	6.99642992e-003	0.00000000e+000	
1.46948265e-003	6.99594534e-003	6.99594534e-003	0.00000000e+000	
1.47278486e-003	6.99546077e-003	6.99546077e-003	0.00000000e+000	
1.47608707e-003	6.99497620e-003	6.99497620e-003	0.00000000e+000	
1.47938928e-003	6.99449163e-003	6.99449163e-003	0.00000000e+000	
1.48269148e-003	6.99400706e-003	6.99400706e-003	0.00000000e+000	
1.48599369e-003	6.99352249e-003	6.99352249e-003	0.00000000e+000	
1.48929590e-003	6.99303792e-003	6.99303792e-003	0.00000000e+000	
1.49259811e-003	6.99255335e-003	6.99255335e-003	0.00000000e+000	
1.49590032e-003	6.99206878e-003	6.99206878e-003	0.00000000e+000	
1.49920253e-003	6.99158421e-003	6.99158421e-003	0.00000000e+000	
1.50250473e-003	6.99109964e-003	6.99109964e-003	0.00000000e+000	
1.50580694e-003	6.99061507e-003	6.99061507e-003	0.00000000e+000	
1.50910915e-003	6.99013050e-003	6.99013050e-003	0.00000000e+000	
1.51241136e-003	6.98964592e-003	6.98964592e-003	0.00000000e+000	
1.51571357e-003	6.98916135e-003	6.98916135e-003	0.00000000e+000	
1.51901577e-003	6.98867678e-003	6.98867678e-003	0.00000000e+000	
1.52231798e-003	6.98819221e-003	6.98819221e-003	0.00000000e+000	
1.52562019e-003	6.98770764e-003	6.98770764e-003	0.00000000e+000	
1.52892240e-003	6.98722307e-003	6.98722307e-003	0.00000000e+000	
1.53222461e-003	6.98673850e-003	6.98673850e-003	0.00000000e+000	
1.53552682e-003	6.98625393e-003	6.98625393e-003	0.00000000e+000	
1.53882902e-003	6.98576936e-003	6.98576936e-003	0.00000000e+000	
1.54213123e-003	6.98528479e-003	6.98528479e-003	0.00000000e+000	
1.54543344e-003	6.98480022e-003	6.98480022e-003	0.00000000e+000	
1.54873565e-003	6.98431565e-003	6.98431565e-003	0.00000000e+000	
1.55203786e-003	6.98383108e-003	6.98383108e-003	0.00000000e+000	
1.55534007e-003	6.98334650e-003	6.98334650e-003	0.00000000e+000	
1.55864227e-003	6.98286193e-003	6.98286193e-003	0.00000000e+000	
1.56194448e-003	6.98237736e-003	6.98237736e-003	0.00000000e+000	
1.56524669e-003	6.98189279e-003	6.98189279e-003	0.00000000e+000	
1.56854890e-003	6.98140822e-003	6.98140822e-003	0.00000000e+000	
1.57185111e-003	6.98092365e-003	6.98092365e-003	0.00000000e+000	
1.57515331e-003	6.98043908e-003	6.98043908e-003	0.00000000e+000	
1.57845552e-003	6.97995451e-003	6.97995451e-003	0.00000000e+000	
1.58175773e-003	6.97946994e-003	6.97946994e-003	0.00000000e+000	
1.58505994e-003	6.97898537e-003	6.97898537e-003	0.00000000e+000	
1.58836215e-003	6.97850080e-003	6.97850080e-003	0.00000000e+000	
1.59166436e-003	6.97801623e-003	6.97801623e-003	0.00000000e+000	
1.59496656e-003	6.97753166e-003	6.97753166e-003	0.00000000e+000	
1.59826877e-003	6.97704709e-003	6.97704709e-003	0.00000000e+000	
1.60157098e-003	6.97656251e-003	6.97656251e-003	0.00000000e+000	
1.60487319e-003	6.97607794e-003	6.97607794e-003	0.00000000e+000	
1.60817540e-003	6.97559337e-003	6.97559337e-003	0.00000000e+000	
1.61147760e-003	6.97510880e-003	6.97510880e-003	0.00000000e+000	
1.61477981e-003	6.97462423e-003	6.97462423e-003	0.00000000e+000	
1.61808202e-003	6.97413966e-003	6.97413966e-003	0.00000000e+000	
1.62138423e-003	6.97365509e-003	6.97365509e-003	0.00000000e+000	
1.62468644e-003	6.97317052e-003	6.97317052e-003	0.00000000e+000	
1.62798865e-003	6.97268595e-003	6.97268595e-003	0.00000000e+000	
1.63129085e-003	6.97220138e-003	6.97220138e-003	0.00000000e+000	
1.63459306e-003	6.97171681e-003	6.97171681e-003	0.00000000e+000	
1.63789527e-003	6.97123224e-003	6.97123224e-003	0.00000000e+000	
1.64119748e-003	6.97074767e-003	6.97074767e-003	0.00000000e+000	
1.64449969e-003	6.97026309e-003	6.97026309e-003	0.00000000e+000	
1.64780189e-003	6.96977852e-003	6.96977852e-003	0.00000000e+000	
1.65110410e-003	6.96929395e-003	6.96929395e-003	0.00000000e+000	
1.65440631e-003	6.96880938e-003	6.96880938e-003	0.00000000e+000	
1.65770852e-003	6.96832481e-003	6.96832481e-003	0.00000000e+000	
1.66101073e-003	6.96784024e-003	6.96784024e-003	0.00000000e+000	
1.66431294e-003	6.96735567e-003	6.96735567e-003	0.00000000e+000	
1.66761514e-003	6.96687110e-003	6.96687110e-003	0.00000000e+000	
1.67091735e-003	6.96638653e-003	6.96638653e-003	0.00000000e+000	
1.67421956e-003	6.96590196e-003	6.96590196e-003	0.00000000e+000	
1.67752177e-003	6.96541739e-003	6.96541739e-003	0.00000000e+000	
1.68082398e-003	6.96493282e-003	6.96493282e-003	0.00000000e+000	
1.68412619e-003	6.96444825e-003	6.96444825e-003	0.00000000e+000	
1.68742839e-003	6.96396367e-003	6.96396367e-003	0.00000000e+000	
1.69073060e-003	6.96347910e-003	6.96347910e-003	0.00000000e+000	
1.69403281e-003	6.96299453e-003	6.96299453e-003	0.00000000e+000	
1.69733502e-003	6.96250996e-003	6.96250996e-003	0.00000000e+000	
1.70063723e-003	6.96202539e-003	6.96202539e-003	0.00000000e+000	
1.70393943e-003	6.96154082e-003	6.96154082e-003	0.00000000e+000	
1.70724164e-003	6.96105625e-003	6.96105625e-003	0.00000000e+000	
1.71054385e-003	6.96057168e-003	6.96057168e-003	0.00000000e+000	
1.71384606e-003	6.96008711e-003	6.96008711e-003	0.00000000e+000	
1.71714827e-003	6.95960254e-003	6.95960254e-003	0.00000000e+000	
1.72045048e-003	6.95911797e-003	6.95911797e-003	0.00000000e+000	
1.72375268e-003	6.95863340e-003	6.95863340e-003	0.00000000e+000	
1.72705489e-003	6.95814883e-003	6.95814883e-003	0.00000000e+000	
1.73035710e-003	6.95766426e-003	6.95766426e-003	0.00000000e+000	
1.73365931e-003	6.95717968e-003	6.95717968e-003	0.00000000e+000	
1.73696152e-003	6.95669511e-003	6.95669511e-003	0.00000000e+000	
1.74026372e-003	6.95621054e-003	6.95621054e-003	0.00000000e+000	
1.74356593e-003	6.95572597e-003	6.95572597e-003	0.00000000e+000	
1.74686814e-003	6.95524140e-003	6.95524140e-003	0.00000000e+000	
1.75017035e-003	6.95475683e-003	6.95475683e-003	0.00000000e+000	
1.75347256e-003	6.95427226e-003	6.95427226e-003	0.00000000e+000	
1.75677477e-003	6.95378769e-003	6.95378769e-003	0.00000000e+000	
1.76007697e-003	6.95330312e-003	6.95330312e-003	0.00000000e+000	
1.76337918e-003	6.95281855e-003	6.95281855e-003	0.00000000e+000	
1.76668139e-003	6.95233398e-003	6.95233398e-003	0.00000000e+000	
1.76998360e-003	6.95184941e-003	6.95184941e-003	0.00000000e+000	
1.77328581e-003	6.95136484e-003	6.95136484e-003	0.00000000e+000	
1.77658801e-003	6.95088026e-003	6.95088026e-003	0.00000000e+000	
1.77989022e-003	6.95039569e-003	6.95039569e-003	0.00000000e+000	
1.78319243e-003	6.94991112e-003	6.94991112e-003	0.00000000e+000	
1.78649464e-003	6.94942655e-003	6.94942655e-003	0.00000000e+000	
1.78979685e-003	6.94894198e-003	6.94894198e-003	0.00000000e+000	
1.79309906e-003	6.94845741e-003	6.94845741e-003	0.00000000e+000	
1.79640126e-003	6.94797284e-003	6.94797284e-003	0.00000000e+000	
1.79970347e-003	6.94748827e-003	6.94748827e-003	0.00000000e+000	
1.80300568e-003	6.94700370e-003	6.94700370e-003	0.00000000e+000	
1.80630789e-003	6.94651913e-003	6.94651913e-003	0.00000000e+000	
1.80961010e-003	6.94603456e-003	6.94603456e-003	0.00000000e+000	
1.81291231e-003	6.94556563e-003	6.94556563e-003	0.00000000e+000	
1.81621451e-003	6.94513874e-003	6.94513874e-003	0.00000000e+000	
1.81951672e-003	6.94471184e-003	6.94471184e-003	0.00000000e+000	
1.82281893e-003	6.94428495e-003	6.94428495e-003	0.00000000e+000	
1.82612114e-003	6.94385806e-003	6.94385806e-003	0.00000000e+000	
1.82942335e-003	6.94343116e-003	6.94343116e-003	0.00000000e+000	
1.83272555e-003	6.94300427e-003	6.94300427e-003	0.00000000e+000	
1.83602776e-003	6.94257738e-003	6.94257738e-003	0.00000000e+000	
1.83932997e-003	6.94215048e-003	6.94215048e-003	0.00000000e+000	
1.84263218e-003	6.94172359e-003	6.94172359e-003	0.00000000e+000	
1.84593439e-003	6.94129670e-003	6.94129670e-003	0.00000000e+000	
1.84923660e-003	6.94086980e-003	6.94086980e-003	0.00000000e+000	
1.85253880e-003	6.94044291e-003	6.94044291e-003	0.00000000e+000	
1.85584101e-003	6.94001602e-003	6.94001602e-003	0.00000000e+000	
1.85914322e-003	6.93958912e-003	6.93958912e-003	0.00000000e+000	
1.86244543e-003	6.93916223e-003	6.93916223e-003	0.00000000e+000	
1.86574764e-003	6.93873534e-003	6.93873534e-003	0.00000000e+000	
1.86904984e-003	6.93830845e-003	6.93830845e-003	0.00000000e+000	
1.87235205e-003	6.93788155e-003	6.93788155e-003	0.00000000e+000	
1.87565426e-003	6.93745466e-003	6.93745466e-003	0.00000000e+000	
1.87895647e-003	6.93702777e-003	6.93702777e-003	0.00000000e+000	
1.88225868e-003	6.93660087e-003	6.93660087e-003	0.00000000e+000	
1.88556089e-003	6.93611838e-003	6.93611838e-003	0.00000000e+000	
1.88886309e-003	6.93550226e-003	6.93550226e-003	0.00000000e+000	
1.89216530e-003	6.93488613e-003	6.93488613e-003	0.00000000e+000	
1.89546751e-003	6.93427000e-003	6.93427000e-003	0.00000000e+000	
1.89876972e-003	6.93365388e-003	6.93365388e-003	0.00000000e+000	
1.90207193e-003	6.93303775e-003	6.93303775e-003	0.00000000e+000	
1.90537413e-003	6.93242163e-003	6.93242163e-003	0.00000000e+000	
1.90867634e-003	6.93180550e-003	6.93180550e-003	0.00000000e+000	
1.91197855e-003	6.93118937e-003	6.93118937e-003	0.00000000e+000	
1.91528076e-003	6.93057325e-003	6.93057325e-003	0.00000000e+000	
1.91858297e-003	6.92995712e-003	6.92995712e-003	0.00000000e+000	
1.92188518e-003	6.92934100e-003	6.92934100e-003	0.00000000e+000	
1.92518738e-003	6.92872487e-003	6.92872487e-003	0.00000000e+000	
1.92848959e-003	6.92810874e-003	6.92810874e-003	0.00000000e+000	
1.93179180e-003	6.92749262e-003	6.92749262e-003	0.00000000e+000	
1.93509401e-003	6.92687649e-003	6.92687649e-003	0.00000000e+000	
1.93839622e-003	6.92626036e-003	6.92626036e-003	0.00000000e+000	
1.94169843e-003	6.92564424e-003	6.92564424e-003	0.00000000e+000	
1.94500063e-003	6.92502811e-003	6.92502811e-003	0.00000000e+000	
1.94830284e-003	6.92441199e-003	6.92441199e-003	0.00000000e+000	
1.95160505e-003	6.92379586e-003	6.92379586e-003	0.00000000e+000	
1.95490726e-003	6.92317973e-003	6.92317973e-003	0.00000000e+000	
1.95820947e-003	6.92257146e-003	6.92257146e-003	0.00000000e+000	
1.96151167e-003	6.92196513e-003	6.92196513e-003	0.00000000e+000	
1.96481388e-003	6.92135880e-003	6.92135880e-003	0.00000000e+000	
1.96811609e-003	6.92075247e-003	6.92075247e-003	0.00000000e+000	
1.97141830e-003	6.92014614e-003	6.92014614e-003	0.00000000e+000	
1.97472051e-003	6.91953982e-003	6.91953982e-003	0.00000000e+000	
1.97802272e-003	6.91893349e-003	6.91893349e-003	0.00000000e+000	
1.98132492e-003	6.91832716e-003	6.91832716e-003	0.00000000e+000	
1.98462713e-003	6.91772083e-003	6.91772083e-003	0.00000000e+000	
1.98792934e-003	6.91711450e-003	6.91711450e-003	0.00000000e+000	
1.99123155e-003	6.91650818e-003	6.91650818e-003	0.00000000e+000	
1.99453376e-003	6.91590185e-003	6.91590185e-003	0.00000000e+000	
1.99783596e-003	6.91529552e-003	6.91529552e-003	0.00000000e+000	
2.00113817e-003	6.91468919e-003	6.91468919e-003	0.00000000e+000	
2.00444038e-003	6.91408286e-003	6.91408286e-003	0.00000000e+000	
2.00774259e-003	6.91347654e-003	6.91347654e-003	0.00000000e+000	
2.01104480e-003	6.91287021e-003	6.91287021e-003	0.00000000e+000	
2.01434701e-003	6.91226388e-003	6.91226388e-003	0.00000000e+000	
2.01764921e-003	6.91165755e-003	6.91165755e-003	0.00000000e+000	
2.02095142e-003	6.91105122e-003	6.91105122e-003	0.00000000e+000	
2.02425363e-003	6.91044490e-003	6.91044490e-003	0.00000000e+000	
2.02755584e-003	6.90983857e-003	6.90983857e-003	0.00000000e+000	
2.03085805e-003	6.90923224e-003	6.90923224e-003	0.00000000e+000	
2.03416025e-003	6.90862591e-003	6.90862591e-003	0.00000000e+000	
2.03746246e-003	6.90801958e-003	6.90801958e-003	0.00000000e+000	
2.04076467e-003	6.90741326e-003	6.90741326e-003	0.00000000e+000	
2.04406688e-003	6.90680693e-003	6.90680693e-003	0.00000000e+000	
2.04736909e-003	6.90620060e-003	6.90620060e-003	0.00000000e+000	
2.05067130e-003	6.90559427e-003	6.90559427e-003	0.00000000e+000	
2.05397350e-003	6.90498794e-003	6.90498794e-003	0.00000000e+000	
2.05727571e-003	6.90438162e-003	6.90438162e-003	0.00000000e+000	
2.06057792e-003	6.90377529e-003	6.90377529e-003	0.00000000e+000	
2.06388013e-003	6.90316896e-003	6.90316896e-003	0.00000000e+000	
2.06718234e-003	6.90256263e-003	6.90256263e-003	0.00000000e+000	
2.07048455e-003	6.90195630e-003	6.90195630e-003	0.00000000e+000	
2.07378675e-003	6.90134998e-003	6.90134998e-003	0.00000000e+000	
2.07708896e-003	6.90074365e-003	6.90074365e-003	0.00000000e+000	
2.08039117e-003	6.90013732e-003	6.90013732e-003	0.00000000e+000	
2.08369338e-003	6.89953099e-003	6.89953099e-003	0.00000000e+000	
2.08699559e-003	6.89892466e-003	6.89892466e-003	0.00000000e+000	
2.09029779e-003	6.89831833e-003	6.89831833e-003	0.00000000e+000	
2.09360000e-003	6.89771201e-003	6.89771201e-003	0.00000000e+000	
2.09690221e-003	6.89710568e-003	6.89710568e-003	0.00000000e+000	
2.10020442e-003	6.89649935e-003	6.89649935e-003	0.00000000e+000	
2.10350663e-003	6.89589302e-003	6.89589302e-003	0.00000000e+000	
2.10680884e-003	6.89528669e-003	6.89528669e-003	0.00000000e+000	
2.11011104e-003	6.89468037e-003	6.89468037e-003	0.00000000e+000	
2.11341325e-003	6.89407404e-003	6.89407404e-003	0.00000000e+000	
2.11671546e-003	6.89346771e-003	6.89346771e-003	0.00000000e+000	
2.12001767e-003	6.89286138e-003	6.89286138e-003	0.00000000e+000	
2.12331988e-003	6.89225505e-003	6.89225505e-003	0.00000000e+000	
2.12662208e-003	6.89164873e-003	6.89164873e-003	0.00000000e+000	
2.12992429e-003	6.89104240e-003	6.89104240e-003	0.00000000e+000	
2.13322650e-003	6.89043607e-003	6.89043607e-003	0.00000000e+000	
2.13652871e-003	6.88982974e-003	6.88982974e-003	0.00000000e+000	
2.13983092e-003	6.88922341e-003	6.88922341e-003	0.00000000e+000	
2.14313313e-003	6.88861709e-003	6.88861709e-003	0.00000000e+000	
2.14643533e-003	6.88801076e-003	6.88801076e-003	0.00000000e+000	
2.14973754e-003	6.88740443e-003	6.88740443e-003	0.00000000e+000	
2.15303975e-003	6.88679810e-003	6.88679810e-003	0.00000000e+000	
2.15634196e-003	6.88619177e-003	6.88619177e-003	0.00000000e+000	
2.15964417e-003	6.88558545e-003	6.88558545e-003	0.00000000e+000	
2.16294638e-003	6.88497912e-003	6.88497912e-003	0.00000000e+000	
2.16624858e-003	6.88437279e-003	6.88437279e-003	0.00000000e+000	
2.16955079e-003	6.88376646e-003	6.88376646e-003	0.00000000e+000	
2.17285300e-003	6.88316013e-003	6.88316013e-003	0.00000000e+000	
2.17615521e-003	6.88255381e-003	6.88255381e-003	0.00000000e+000	
2.17945742e-003	6.88194748e-003	6.88194748e-003	0.00000000e+000	
2.18275962e-003	6.88134115e-003	6.88134115e-003	0.00000000e+000	
2.18606183e-003	6.88073482e-003	6.88073482e-003	0.00000000e+000	
2.18936404e-003	6.88012849e-003	6.88012849e-003	0.00000000e+000	
2.19266625e-003	6.87952217e-003	6.87952217e-003	0.00000000e+000	
2.19596846e-003	6.87891584e-003	6.87891584e-003	0.00000000e+000	
2.19927067e-003	6.87830951e-003	6.87830951e-003	0.00000000e+000	
2.20257287e-003	6.87770318e-003	6.87770318e-003	0.00000000e+000	
2.20587508e-003	6.87709685e-003	6.87709685e-003	0.00000000e+000	
2.20917729e-003	6.87649053e-003	6.87649053e-003	0.00000000e+000	
2.21247950e-003	6.87588420e-003	6.87588420e-003	0.00000000e+000	
2.21578171e-003	6.87527787e-003	6.87527787e-003	0.00000000e+000	
2.21908391e-003	6.87467154e-003	6.87467154e-003	0.00000000e+000	
2.22238612e-003	6.87406521e-003	6.87406521e-003	0.00000000e+000	
2.22568833e-003	6.87345889e-003	6.87345889e-003	0.00000000e+000	
2.22899054e-003	6.87285256e-003	6.87285256e-003	0.00000000e+000	
2.23229275e-003	6.87224623e-003	6.87224623e-003	0.00000000e+000	
2.23559496e-003	6.87163990e-003	6.87163990e-003	0.00000000e+000	
2.23889716e-003	6.87103357e-003	6.87103357e-003	0.00000000e+000	
2.24219937e-003	6.87042725e-003	6.87042725e-003	0.00000000e+000	
2.24550158e-003	6.86982092e-003	6.86982092e-003	0.00000000e+000	
2.24880379e-003	6.86921459e-003	6.86921459e-003	0.00000000e+000	
2.25210600e-003	6.86860826e-003	6.86860826e-003	0.00000000e+000	
2.25540820e-003	6.86800193e-003	6.86800193e-003	0.00000000e+000	
2.25871041e-003	6.86739561e-003	6.86739561e-003	0.00000000e+000	
2.26201262e-003	6.86678928e-003	6.86678928e-003	0.00000000e+000	
2.26531483e-003	6.86618295e-003	6.86618295e-003	0.00000000e+000	
2.26861704e-003	6.86557662e-003	6.86557662e-003	0.00000000e+000	
2.27191925e-003	6.86497029e-003	6.86497029e-003	0.00000000e+000	
2.27522145e-003	6.86436397e-003	6.86436397e-003	0.00000000e+000	
2.27852366e-003	6.86375764e-003	6.86375764e-003	0.00000000e+000	
2.28182587e-003	6.86315131e-003	6.86315131e-003	0.00000000e+000	
2.28512808e-003	6.86254498e-003	6.86254498e-003	0.00000000e+000	
2.28843029e-003	6.86193865e-003	6.86193865e-003	0.00000000e+000	
2.29173250e-003	6.86133233e-003	6.86133233e-003	0.00000000e+000	
2.29503470e-003	6.86072600e-003	6.86072600e-003	0.00000000e+000	
2.29833691e-003	6.86011967e-003	6.86011967e-003	0.00000000e+000	
2.30163912e-003	6.85951334e-003	6.85951334e-003	0.00000000e+000	
2.30494133e-003	6.85890701e-003	6.85890701e-003	0.00000000e+000	
2.30824354e-003	6.85830069e-003	6.85830069e-003	0.00000000e+000	
2.31154574e-003	6.85769436e-003	6.85769436e-003	0.00000000e+000	
2.31484795e-003	6.85708803e-003	6.85708803e-003	0.00000000e+000	
2.31815016e-003	6.85648170e-003	6.85648170e-003	0.00000000e+000	
2.32145237e-003	6.85587537e-003	6.85587537e-003	0.00000000e+000	
2.32475458e-003	6.85526905e-003	6.85526905e-003	0.00000000e+000	
2.32805679e-003	6.85466272e-003	6.85466272e-003	0.00000000e+000	
2.33135899e-003	6.85405639e-003	6.85405639e-003	0.00000000e+000	
2.33466120e-003	6.85345006e-003	6.85345006e-003	0.00000000e+000	
2.33796341e-003	6.85284373e-003	6.85284373e-003	0.00000000e+000	
2.34126562e-003	6.85223741e-003	6.85223741e-003	0.00000000e+000	
2.34456783e-003	6.85163108e-003	6.85163108e-003	0.00000000e+000	
2.34787003e-003	6.85102475e-003	6.85102475e-003	0.00000000e+000	
2.35117224e-003	6.85041842e-003	6.85041842e-003	0.00000000e+000	
2.35447445e-003	6.84981209e-003	6.84981209e-003	0.00000000e+000	
2.35777666e-003	6.84920577e-003	6.84920577e-003	0.00000000e+000	
2.36107887e-003	6.84859944e-003	6.84859944e-003	0.00000000e+000	
2.36438108e-003	6.84799311e-003	6.84799311e-003	0.00000000e+000	
2.36768328e-003	6.84738678e-003	6.84738678e-003	0.00000000e+000	
2.37098549e-003	6.84678045e-003	6.84678045e-003	0.00000000e+000	
2.37428770e-003	6.84617413e-003	6.84617413e-003	0.00000000e+000	
2.37758991e-003	6.84556780e-003	6.84556780e-003	0.00000000e+000	
2.38089212e-003	6.84496147e-003	6.84496147e-003	0.00000000e+000	
2.38419432e-003	6.84435514e-003	6.84435514e-003	0.00000000e+000	
2.38749653e-003	6.84374881e-003	6.84374881e-003	0.00000000e+000	
2.39079874e-003	6.84314248e-003	6.84314248e-003	0.00000000e+000	
2.39410095e-003	6.84253616e-003	6.84253616e-003	0.00000000e+000	
2.39740316e-003	6.84192983e-003	6.84192983e-003	0.00000000e+000	
2.40070537e-003	6.84132350e-003	6.84132350e-003	0.00000000e+000	
2.40400757e-003	6.84071717e-003	6.84071717e-003	0.00000000e+000	
2.40730978e-003	6.84011084e-003	6.84011084e-003	0.00000000e+000	
2.41061199e-003	6.83950452e-003	6.83950452e-003	0.00000000e+000	
2.41391420e-003	6.83889819e-003	6.83889819e-003	0.00000000e+000	
2.41721641e-003	6.83829186e-003	6.83829186e-003	0.00000000e+000	
2.42051862e-003	6.83768553e-003	6.83768553e-003	0.00000000e+000	
2.42382082e-003	6.83707920e-003	6.83707920e-003	0.00000000e+000	
2.42712303e-003	6.83647288e-003	6.83647288e-003	0.00000000e+000	
2.43042524e-003	6.83586655e-003	6.83586655e-003	0.00000000e+000	
2.43372745e-003	6.83526022e-003	6.83526022e-003	0.00000000e+000	
2.43702966e-003	6.83465389e-003	6.83465389e-003	0.00000000e+000	
2.44033186e-003	6.83404563e-003	6.83404563e-003	0.00000000e+000	
2.44363407e-003	6.83338645e-003	6.83338645e-003	0.00000000e+000	
2.44693628e-003	6.83272727e-003	6.83272727e-003	0.00000000e+000	
2.45023849e-003	6.83206809e-003	6.83206809e-003	0.00000000e+000	
2.45354070e-003	6.83140890e-003	6.83140890e-003	0.00000000e+000	
2.45684291e-003	6.83074972e-003	6.83074972e-003	0.00000000e+000	
2.46014511e-003	6.83009054e-003	6.83009054e-003	0.00000000e+000	
2.46344732e-003	6.82943136e-003	6.82943136e-003	0.00000000e+000	
2.46674953e-003	6.82877217e-003	6.82877217e-003	0.00000000e+000	
2.47005174e-003	6.82811299e-003	6.82811299e-003	0.00000000e+000	
2.47335395e-003	6.82745381e-003	6.82745381e-003	0.00000000e+000	
2.47665615e-003	6.82679463e-003	6.82679463e-003	0.00000000e+000	
2.47995836e-003	6.82613544e-003	6.82613544e-003	0.00000000e+000	
2.48326057e-003	6.82547626e-003	6.82547626e-003	0.00000000e+000	
2.48656278e-003	6.82481708e-003	6.82481708e-003	0.00000000e+000	
2.48986499e-003	6.82415790e-003	6.82415790e-003	0.00000000e+000	
2.49316720e-003	6.82349871e-003	6.82349871e-003	0.00000000e+000	
2.49646940e-003	6.82283953e-003	6.82283953e-003	0.00000000e+000	
2.49977161e-003	6.82218035e-003	6.82218035e-003	0.00000000e+000	
2.50307382e-003	6.82152117e-003	6.82152117e-003	0.00000000e+000	
2.50637603e-003	6.82086198e-003	6.82086198e-003	0.00000000e+000	
2.50967824e-003	6.82020280e-003	6.82020280e-003	0.00000000e+000	
2.51298044e-003	6.81954362e-003	6.81954362e-003	0.00000000e+000	
2.51628265e-003	6.81888444e-003	6.81888444e-003	0.00000000e+000	
2.51958486e-003	6.81822525e-003	6.81822525e-003	0.00000000e+000	
2.52288707e-003	6.81756607e-003	6.81756607e-003	0.00000000e+000	
2.52618928e-003	6.81690689e-003	6.81690689e-003	0.00000000e+000	
2.52949149e-003	6.81624770e-003	6.81624770e-003	0.00000000e+000	
2.53279369e-003	6.81558852e-003	6.81558852e-003	0.00000000e+000	
2.53609590e-003	6.81480808e-003	6.81480808e-003	0.00000000e+000	
2.53939811e-003	6.81399468e-003	6.81399468e-003	0.00000000e+000	
2.54270032e-003	6.81318128e-003	6.81318128e-003	0.00000000e+000	
2.54600253e-003	6.81236788e-003	6.81236788e-003	0.00000000e+000	
2.54930474e-003	6.81155448e-003	6.81155448e-003	0.00000000e+000	
2.55260694e-003	6.81074108e-003	6.81074108e-003	0.00000000e+000	
2.55590915e-003	6.80992768e-003	6.80992768e-003	0.00000000e+000	
2.55921136e-003	6.80911428e-003	6.80911428e-003	0.00000000e+000	
2.56251357e-003	6.80830088e-003	6.80830088e-003	0.00000000e+000	
2.56581578e-003	6.80748748e-003	6.80748748e-003	0.00000000e+000	
2.56911798e-003	6.80667408e-003	6.80667408e-003	0.00000000e+000	
2.57242019e-003	6.80586068e-003	6.80586068e-003	0.00000000e+000	
2.57572240e-003	6.80504728e-003	6.80504728e-003	0.00000000e+000	
2.57902461e-003	6.80423388e-003	6.80423388e-003	0.00000000e+000	
2.58232682e-003	6.80342048e-003	6.80342048e-003	0.00000000e+000	
2.58562903e-003	6.80260708e-003	6.80260708e-003	0.00000000e+000	
2.58893123e-003	6.80179368e-003	6.80179368e-003	0.00000000e+000	
2.59223344e-003	6.80098028e-003	6.80098028e-003	0.00000000e+000	
2.59553565e-003	6.80016688e-003	6.80016688e-003	0.00000000e+000	
2.59883786e-003	6.79935348e-003	6.79935348e-003	0.00000000e+000	
2.60214007e-003	6.79854008e-003	6.79854008e-003	0.00000000e+000	
2.60544227e-003	6.79772668e-003	6.79772668e-003	0.00000000e+000	
2.60874448e-003	6.79691328e-003	6.79691328e-003	0.00000000e+000	
2.61204669e-003	6.79609988e-003	6.79609988e-003	0.00000000e+000	
2.61534890e-003	6.79528648e-003	6.79528648e-003	0.00000000e+000	
2.61865111e-003	6.79447308e-003	6.79447308e-003	0.00000000e+000	
2.62195332e-003	6.79365968e-003	6.79365968e-003	0.00000000e+000	
2.62525552e-003	6.79284628e-003	6.79284628e-003	0.00000000e+000	
2.62855773e-003	6.79203288e-003	6.79203288e-003	0.00000000e+000	
2.63185994e-003	6.79121948e-003	6.79121948e-003	0.00000000e+000	
2.63516215e-003	6.79040608e-003	6.79040608e-003	0.00000000e+000	
2.63846436e-003	6.78959268e-003	6.78959268e-003	0.00000000e+000	
2.64176656e-003	6.78877928e-003	6.78877928e-003	0.00000000e+000	
2.64506877e-003	6.78796588e-003	6.78796588e-003	0.00000000e+000	
2.64837098e-003	6.78715248e-003	6.78715248e-003	0.00000000e+000	
2.65167319e-003	6.78633908e-003	6.78633908e-003	0.00000000e+000	
2.65497540e-003	6.78552568e-003	6.78552568e-003	0.00000000e+000	
2.65827761e-003	6.78471228e-003	6.78471228e-003	0.00000000e+000	
2.66157981e-003	6.78389888e-003	6.78389888e-003	0.00000000e+000	
2.66488202e-003	6.78308548e-003	6.78308548e-003	0.00000000e+000	
2.66818423e-003	6.78227208e-003	6.78227208e-003	0.00000000e+000	
2.67148644e-003	6.78145868e-003	6.78145868e-003	0.00000000e+000	
2.67478865e-003	6.78064528e-003	6.78064528e-003	0.00000000e+000	
2.67809086e-003	6.77983188e-003	6.77983188e-003	0.00000000e+000	
2.68139306e-003	6.77901848e-003	6.77901848e-003	0.00000000e+000	
2.68469527e-003	6.77820508e-003	6.77820508e-003	0.00000000e+000	
2.68799748e-003	6.77739168e-003	6.77739168e-003	0.00000000e+000	
2.69129969e-003	6.77657828e-003	6.77657828e-003	0.00000000e+000	
2.69460190e-003	6.77576488e-003	6.77576488e-003	0.00000000e+000	
2.69790410e-003	6.77495148e-003	6.77495148e-003	0.00000000e+000	
2.70120631e-003	6.77413808e-003	6.77413808e-003	0.00000000e+000	
2.70450852e-003	6.77332468e-003	6.77332468e-003	0.00000000e+000	
2.70781073e-003	6.77251128e-003	6.77251128e-003	0.00000000e+000	
2.71111294e-003	6.77169788e-003	6.77169788e-003	0.00000000e+000	
2.71441515e-003	6.77088448e-003	6.77088448e-003	0.00000000e+000	
2.71771735e-003	6.77007108e-003	6.77007108e-003	0.00000000e+000	
2.72101956e-003	6.76925768e-003	6.76925768e-003	0.00000000e+000	
2.72432177e-003	6.76844428e-003	6.76844428e-003	0.00000000e+000	
2.72762398e-003	6.76763088e-003	6.76763088e-003	0.00000000e+000	
2.73092619e-003	6.76681748e-003	6.76681748e-003	0.00000000e+000	
2.73422839e-003	6.76600408e-003	6.76600408e-003	0.00000000e+000	
2.73753060e-003	6.76519068e-003	6.76519068e-003	0.00000000e+000	
2.74083281e-003	6.76437728e-003	6.76437728e-003	0.00000000e+000	
2.74413502e-003	6.76356388e-003	6.76356388e-003	0.00000000e+000	
2.74743723e-003	6.76275048e-003	6.76275048e-003	0.00000000e+000	
2.75073944e-003	6.76193708e-003	6.76193708e-003	0.00000000e+000	
2.75404164e-003	6.76112368e-003	6.76112368e-003	0.00000000e+000	
2.75734385e-003	6.76031028e-003	6.76031028e-003	0.00000000e+000	
2.76064606e-003	6.75949688e-003	6.75949688e-003	0.00000000e+000	
2.76394827e-003	6.75868348e-003	6.75868348e-003	0.00000000e+000	
2.76725048e-003	6.75787008e-003	6.75787008e-003	0.00000000e+000	
2.77055268e-003	6.75705668e-003	6.75705668e-003	0.00000000e+000	
2.77385489e-003	6.75624328e-003	6.75624328e-003	0.00000000e+000	
2.77715710e-003	6.75542988e-003	6.75542988e-003	0.00000000e+000	
2.78045931e-003	6.75461648e-003	6.75461648e-003	0.00000000e+000	
2.78376152e-003	6.75380308e-003	6.75380308e-003	0.00000000e+000	
2.78706373e-003	6.75298968e-003	6.75298968e-003	0.00000000e+000	
2.79036593e-003	6.75217628e-003	6.75217628e-003	0.00000000e+000	
2.79366814e-003	6.75136288e-003	6.75136288e-003	0.00000000e+000	
2.79697035e-003	6.75054948e-003	6.75054948e-003	0.00000000e+000	
2.80027256e-003	6.74973608e-003	6.74973608e-003	0.00000000e+000	
2.80357477e-003	6.74892268e-003	6.74892268e-003	0.00000000e+000	
2.80687698e-003	6.74810928e-003	6.74810928e-003	0.00000000e+000	
2.81017918e-003	6.74729588e-003	6.74729588e-003	0.00000000e+000	
2.81348139e-003	6.74648248e-003	6.74648248e-003	0.00000000e+000	
2.81678360e-003	6.74566908e-003	6.74566908e-003	0.00000000e+000	
2.82008581e-003	6.74485568e-003	6.74485568e-003	0.00000000e+000	
2.82338802e-003	6.74404228e-003	6.74404228e-003	0.00000000e+000	
2.82669022e-003	6.74322889e-003	6.74322889e-003	0.00000000e+000	
2.82999243e-003	6.74241549e-003	6.74241549e-003	0.00000000e+000	
2.83329464e-003	6.74160209e-003	6.74160209e-003	0.00000000e+000	
2.83659685e-003	6.74078869e-003	6.74078869e-003	0.00000000e+000	
2.83989906e-003	6.73997529e-003	6.73997529e-003	0.00000000e+000	
2.84320127e-003	6.73916189e-003	6.73916189e-003	0.00000000e+000	
2.84650347e-003	6.73834849e-003	6.73834849e-003	0.00000000e+000	
2.84980568e-003	6.73753509e-003	6.73753509e-003	0.00000000e+000	
2.85310789e-003	6.73672169e-003	6.73672169e-003	0.00000000e+000	
2.85641010e-003	6.73590829e-003	6.73590829e-003	0.00000000e+000	
2.85971231e-003	6.73509489e-003	6.73509489e-003	0.00000000e+000	
2.86301451e-003	6.73428149e-003	6.73428149e-003	0.00000000e+000	
2.86631672e-003	6.73346809e-003	6.73346809e-003	0.00000000e+000	
2.86961893e-003	6.73265469e-003	6.73265469e-003	0.00000000e+000	
2.87292114e-003	6.73184129e-003	6.73184129e-003	0.00000000e+000	
2.87622335e-003	6.73102789e-003	6.73102789e-003	0.00000000e+000	
2.87952556e-003	6.73021449e-003	6.73021449e-003	0.00000000e+000	
2.88282776e-003	6.72940109e-003	6.72940109e-003	0.00000000e+000	
2.88612997e-003	6.72858769e-003	6.72858769e-003	0.00000000e+000	
2.88943218e-003	6.72777429e-003	6.72777429e-003	0.00000000e+000	
2.89273439e-003	6.72696089e-003	6.72696089e-003	0.00000000e+000	
2.89603660e-003	6.72614749e-003	6.72614749e-003	0.00000000e+000	
2.89933880e-003	6.72533409e-003	6.72533409e-003	0.00000000e+000	
2.90264101e-003	6.72452069e-003	6.72452069e-003	0.00000000e+000	
2.90594322e-003	6.72370729e-003	6.72370729e-003	0.00000000e+000	
2.90924543e-003	6.72289389e-003	6.72289389e-003	0.00000000e+000	
2.91254764e-003	6.72208049e-003	6.72208049e-003	0.00000000e+000	
2.91584985e-003	6.72126709e-003	6.72126709e-003	0.00000000e+000	
2.91915205e-003	6.72045369e-003	6.72045369e-003	0.00000000e+000	
2.92245426e-003	6.71964029e-003	6.71964029e-003	0.00000000e+000	
2.92575647e-003	6.71882689e-003	6.71882689e-003	0.00000000e+000	
2.92905868e-003	6.71801349e-003	6.71801349e-003	0.00000000e+000	
2.93236089e-003	6.71720009e-003	6.71720009e-003	0.00000000e+000	
2.93566310e-003	6.71638669e-003	6.71638669e-003	0.00000000e+000	
2.93896530e-003	6.71557329e-003	6.71557329e-003	0.00000000e+000	
2.94226751e-003	6.71475989e-003	6.71475989e-003	0.00000000e+000	
2.94556972e-003	6.71394649e-003	6.71394649e-003	0.00000000e+000	
2.94887193e-003	6.71313309e-003	6.71313309e-003	0.00000000e+000	
2.95217414e-003	6.71231969e-003	6.71231969e-003	0.00000000e+000	
2.95547634e-003	6.71150629e-003	6.71150629e-003	0.00000000e+000	
2.95877855e-003	6.71069289e-003	6.71069289e-003	0.00000000e+000	
2.96208076e-003	6.70987949e-003	6.70987949e-003	0.00000000e+000	
2.96538297e-003	6.70906609e-003	6.70906609e-003	0.00000000e+000	
2.96868518e-003	6.70825269e-003	6.70825269e-003	0.00000000e+000	
2.97198739e-003	6.70743929e-003	6.70743929e-003	0.00000000e+000	
2.97528959e-003	6.70662589e-003	6.70662589e-003	0.00000000e+000	
2.97859180e-003	6.70581249e-003	6.70581249e-003	0.00000000e+000	
2.98189401e-003	6.70499909e-003	6.70499909e-003	0.00000000e+000	
2.98519622e-003	6.70418569e-003	6.70418569e-003	0.00000000e+000	
2.98849843e-003	6.70337229e-003	6.70337229e-003	0.00000000e+000	
2.99180063e-003	6.70255889e-003	6.70255889e-003	0.00000000e+000	
2.99510284e-003	6.70174549e-003	6.70174549e-003	0.00000000e+000	
2.99840505e-003	6.70093209e-003	6.70093209e-003	0.00000000e+000	
3.00170726e-003	6.70011869e-003	6.70011869e-003	0.00000000e+000	
3.00500947e-003	6.69930529e-003	6.69930529e-003	0.00000000e+000	
3.00831168e-003	6.69849189e-003	6.69849189e-003	0.00000000e+000	
3.01161388e-003	6.69767849e-003	6.69767849e-003	0.00000000e+000	
3.01491609e-003	6.69686509e-003	6.69686509e-003	0.00000000e+000	
3.01821830e-003	6.69605169e-003	6.69605169e-003	0.00000000e+000	
3.02152051e-003	6.69523829e-003	6.69523829e-003	0.00000000e+000	
3.02482272e-003	6.69442489e-003	6.69442489e-003	0.00000000e+000	
3.02812493e-003	6.69361149e-003	6.69361149e-003	0.00000000e+000	
3.03142713e-003	6.69279809e-003	6.69279809e-003	0.00000000e+000	
3.03472934e-003	6.69198469e-003	6.69198469e-003	0.00000000e+000	
3.03803155e-003	6.69117129e-003	6.69117129e-003	0.00000000e+000	
3.04133376e-003	6.69034243e-003	6.69034243e-003	0.00000000e+000	
3.04463597e-003	6.68950255e-003	6.68950255e-003	0.00000000e+000	
3.04793817e-003	6.68866267e-003	6.68866267e-003	0.00000000e+000	
3.05124038e-003	6.68782279e-003	6.68782279e-003	0.00000000e+000	
3.05454259e-003	6.68698291e-003	6.68698291e-003	0.00000000e+000	
3.05784480e-003	6.68614303e-003	6.68614303e-003	0.00000000e+000	
3.06114701e-003	6.68530315e-003	6.68530315e-003	0.00000000e+000	
3.06444922e-003	6.68446327e-003	6.68446327e-003	0.00000000e+000	
3.06775142e-003	6.68362340e-003	6.68362340e-003	0.00000000e+000	
3.07105363e-003	6.68278352e-003	6.68278352e-003	0.00000000e+000	
3.07435584e-003	6.68194364e-003	6.68194364e-003	0.00000000e+000	
3.07765805e-003	6.68110376e-003	6.68110376e-003	0.00000000e+000	
3.08096026e-003	6.68026388e-003	6.68026388e-003	0.00000000e+000	
3.08426246e-003	6.67942400e-003	6.67942400e-003	0.00000000e+000	
3.08756467e-003	6.67858412e-003	6.67858412e-003	0.00000000e+000	
3.09086688e-003	6.67774424e-003	6.67774424e-003	0.00000000e+000	
3.09416909e-003	6.67690436e-003	6.67690436e-003	0.00000000e+000	
3.09747130e-003	6.67606449e-003	6.67606449e-003	0.00000000e+000	
3.10077351e-003	6.67522461e-003	6.67522461e-003	0.00000000e+000	
3.10407571e-003	6.67438473e-003	6.67438473e-003	0.00000000e+000	
3.10737792e-003	6.67354485e-003	6.67354485e-003	0.00000000e+000	
3.11068013e-003	6.67270497e-003	6.67270497e-003	0.00000000e+000	
3.11398234e-003	6.67186509e-003	6.67186509e-003	0.00000000e+000	
3.11728455e-003	6.67102521e-003	6.67102521e-003	0.00000000e+000	
3.12058675e-003	6.67018533e-003	6.67018533e-003	0.00000000e+000	
3.12388896e-003	6.66934546e-003	6.66934546e-003	0.00000000e+000	
3.12719117e-003	6.66850558e-003	6.66850558e-003	0.00000000e+000	
3.13049338e-003	6.66766570e-003	6.66766570e-003	0.00000000e+000	
3.13379559e-003	6.66682582e-003	6.66682582e-003	0.00000000e+000	
3.13709780e-003	6.66598594e-003	6.66598594e-003	0.00000000e+000	
3.14040000e-003	6.66501184e-003	6.66501184e-003	0.00000000e+000	
3.14370221e-003	6.66396968e-003	6.66396968e-003	0.00000000e+000	
3.14700442e-003	6.66292753e-003	6.66292753e-003	0.00000000e+000	
3.15030663e-003	6.66188537e-003	6.66188537e-003	0.00000000e+000	
3.15360884e-003	6.66084321e-003	6.66084321e-003	0.00000000e+000	
3.15691105e-003	6.65980105e-003	6.65980105e-003	0.00000000e+000	
3.16021325e-003	6.65875889e-003	6.65875889e-003	0.00000000e+000	
3.16351546e-003	6.65771673e-003	6.65771673e-003	0.00000000e+000	
3.16681767e-003	6.65667458e-003	6.65667458e-003	0.00000000e+000	
3.17011988e-003	6.65563242e-003	6.65563242e-003	0.00000000e+000	
3.17342209e-003	6.65459026e-003	6.65459026e-003	0.00000000e+000	
3.17672429e-003	6.65354810e-003	6.65354810e-003	0.00000000e+000	
3.18002650e-003	6.65250594e-003	6.65250594e-003	0.00000000e+000	
3.18332871e-003	6.65146378e-003	6.65146378e-003	0.00000000e+000	
3.18663092e-003	6.65042163e-003	6.65042163e-003	0.00000000e+000	
3.18993313e-003	6.64937947e-003	6.64937947e-003	0.00000000e+000	
3.19323534e-003	6.64833731e-003	6.64833731e-003	0.00000000e+000	
3.19653754e-003	6.64729515e-003	6.64729515e-003	0.00000000e+000	
3.19983975e-003	6.64625299e-003	6.64625299e-003	0.00000000e+000	
3.20314196e-003	6.64521083e-003	6.64521083e-003	0.00000000e+000	
3.20644417e-003	6.64416868e-003	6.64416868e-003	0.00000000e+000	
3.20974638e-003	6.64312652e-003	6.64312652e-003	0.00000000e+000	
3.21304858e-003	6.64208436e-003	6.64208436e-003	0.00000000e+000	
3.21635079e-003	6.64104220e-003	6.64104220e-003	0.00000000e+000	
3.21965300e-003	6.64000004e-003	6.64000004e-003	0.00000000e+000	
3.22295521e-003	6.63895788e-003	6.63895788e-003	0.00000000e+000	
3.22625742e-003	6.63791573e-003	6.63791573e-003	0.00000000e+000	
3.22955963e-003	6.63687357e-003	6.63687357e-003	0.00000000e+000	
3.23286183e-003	6.63583141e-003	6.63583141e-003	0.00000000e+000	
3.23616404e-003	6.63478925e-003	6.63478925e-003	0.00000000e+000	
3.23946625e-003	6.63374709e-003	6.63374709e-003	0.00000000e+000	
3.24276846e-003	6.63270493e-003	6.63270493e-003	0.00000000e+000	
3.24607067e-003	6.63166278e-003	6.63166278e-003	0.00000000e+000	
3.24937287e-003	6.63062062e-003	6.63062062e-003	0.00000000e+000	
3.25267508e-003	6.62957846e-003	6.62957846e-003	0.00000000e+000	
3.25597729e-003	6.62853630e-003	6.62853630e-003	0.00000000e+000	
3.25927950e-003	6.62749414e-003	6.62749414e-003	0.00000000e+000	
3.26258171e-003	6.62645198e-003	6.62645198e-003	0.00000000e+000	
3.26588392e-003	6.62540983e-003	6.62540983e-003	0.00000000e+000	
3.26918612e-003	6.62436767e-003	6.62436767e-003	0.00000000e+000	
3.27248833e-003	6.62332551e-003	6.62332551e-003	0.00000000e+000	
3.27579054e-003	6.62228335e-003	6.62228335e-003	0.00000000e+000	
3.27909275e-003	6.62124119e-003	6.62124119e-003	0.00000000e+000	
3.28239496e-003	6.62019903e-003	6.62019903e-003	0.00000000e+000	
3.28569717e-003	6.61915688e-003	6.61915688e-003	0.00000000e+000	
3.28899937e-003	6.61811472e-003	6.61811472e-003	0.00000000e+000	
3.29230158e-003	6.61707256e-003	6.61707256e-003	0.00000000e+000	
3.29560379e-003	6.61603040e-003	6.61603040e-003	0.00000000e+000	
3.29890600e-003	6.61498824e-003	6.61498824e-003	0.00000000e+000	
3.30220821e-003	6.61394608e-003	6.61394608e-003	0.00000000e+000	
3.30551041e-003	6.61290393e-003	6.61290393e-003	0.00000000e+000	
3.30881262e-003	6.61186177e-003	6.61186177e-003	0.00000000e+000	
3.31211483e-003	6.61081961e-003	6.61081961e-003	0.00000000e+000	
3.31541704e-003	6.60977745e-003	6.60977745e-003	0.00000000e+000	
3.31871925e-003	6.60873529e-003	6.60873529e-003	0.00000000e+000	
3.32202146e-003	6.60769313e-003	6.60769313e-003	0.00000000e+000	
3.32532366e-003	6.60665098e-003	6.60665098e-003	0.00000000e+000	
3.32862587e-003	6.60560882e-003	6.60560882e-003	0.00000000e+000	
3.33192808e-003	6.60456666e-003	6.60456666e-003	0.00000000e+000	
3.33523029e-003	6.60352450e-003	6.60352450e-003	0.00000000e+000	
3.33853250e-003	6.60248234e-003	6.60248234e-003	0.00000000e+000	
3.34183470e-003	6.60144018e-003	6.60144018e-003	0.00000000e+000	
3.34513691e-003	6.60039803e-003	6.60039803e-003	0.00000000e+000	
3.34843912e-003	6.59935587e-003	6.59935587e-003	0.00000000e+000	
3.35174133e-003	6.59831371e-003	6.59831371e-003	0.00000000e+000	
3.35504354e-003	6.59727155e-003	6.59727155e-003	0.00000000e+000	
3.35834575e-003	6.59622939e-003	6.59622939e-003	0.00000000e+000	
3.36164795e-003	6.59518723e-003	6.59518723e-003	0.00000000e+000	
3.36495016e-003	6.59414508e-003	6.59414508e-003	0.00000000e+000	
3.36825237e-003	6.59310292e-003	6.59310292e-003	0.00000000e+000	
3.37155458e-003	6.59206076e-003	6.59206076e-003	0.00000000e+000	
3.37485679e-003	6.59101860e-003	6.59101860e-003	0.00000000e+000	
3.37815899e-003	6.58997644e-003	6.58997644e-003	0.00000000e+000	
3.38146120e-003	6.58893428e-003	6.58893428e-003	0.00000000e+000	
3.38476341e-003	6.58789213e-003	6.58789213e-003	0.00000000e+000	
3.38806562e-003	6.58684997e-003	6.58684997e-003	0.00000000e+000	
3.39136783e-003	6.58580781e-003	6.58580781e-003	0.00000000e+000	
3.39467004e-003	6.58476565e-003	6.58476565e-003	0.00000000e+000	
3.39797224e-003	6.58372349e-003	6.58372349e-003	0.00000000e+000	
3.40127445e-003	6.58268133e-003	6.58268133e-003	0.00000000e+000	
3.40457666e-003	6.58163918e-003	6.58163918e-003	0.00000000e+000	
3.40787887e-003	6.58059702e-003	6.58059702e-003	0.00000000e+000	
3.41118108e-003	6.57955486e-003	6.57955486e-003	0.00000000e+000	
3.41448329e-003	6.57851270e-003	6.57851270e-003	0.00000000e+000	
3.41778549e-003	6.57747054e-003	6.57747054e-003	0.00000000e+000	
3.42108770e-003	6.57642838e-003	6.57642838e-003	0.00000000e+000	
3.42438991e-003	6.57538623e-003	6.57538623e-003	0.00000000e+000	
3.42769212e-003	6.57434407e-003	6.57434407e-003	0.00000000e+000	
3.43099433e-003	6.57330191e-003	6.57330191e-003	0.00000000e+000	
3.43429653e-003	6.57225975e-003	6.57225975e-003	0.00000000e+000	
3.43759874e-003	6.57121759e-003	6.57121759e-003	0.00000000e+000	
3.44090095e-003	6.57017543e-003	6.57017543e-003	0.00000000e+000	
3.44420316e-003	6.56913328e-003	6.56913328e-003	0.00000000e+000	
3.44750537e-003	6.56809112e-003	6.56809112e-003	0.00000000e+000	
3.45080758e-003	6.56704896e-003	6.56704896e-003	0.00000000e+000	
3.45410978e-003	6.56600680e-003	6.56600680e-003	0.00000000e+000	
3.45741199e-003	6.56496464e-003	6.56496464e-003	0.00000000e+000	
3.46071420e-003	6.56392248e-003	6.56392248e-003	0.00000000e+000	
3.46401641e-003	6.56288033e-003	6.56288033e-003	0.00000000e+000	
3.46731862e-003	6.56183817e-003	6.56183817e-003	0.00000000e+000	
3.47062082e-003	6.56079601e-003	6.56079601e-003	0.00000000e+000	
3.47392303e-003	6.55975385e-003	6.55975385e-003	0.00000000e+000	
3.47722524e-003	6.55871169e-003	6.55871169e-003	0.00000000e+000	
3.48052745e-003	6.55766953e-003	6.55766953e-003	0.00000000e+000	
3.48382966e-003	6.55662738e-003	6.55662738e-003	0.00000000e+000	
3.48713187e-003	6.55558522e-003	6.55558522e-003	0.00000000e+000	
3.49043407e-003	6.55454306e-003	6.55454306e-003	0.00000000e+000	
3.49373628e-003	6.55350090e-003	6.55350090e-003	0.00000000e+000	
3.49703849e-003	6.55245874e-003	6.55245874e-003	0.00000000e+000	
3.50034070e-003	6.55141658e-003	6.55141658e-003	0.00000000e+000	
3.50364291e-003	6.55037443e-003	6.55037443e-003	0.00000000e+000	
3.50694511e-003	6.54933227e-003	6.54933227e-003	0.00000000e+000	
3.51024732e-003	6.54829011e-003	6.54829011e-003	0.00000000e+000	
3.51354953e-003	6.54724795e-003	6.54724795e-003	0.00000000e+000	
3.51685174e-003	6.54620579e-003	6.54620579e-003	0.00000000e+000	
3.52015395e-003	6.54516363e-003	6.54516363e-003	0.00000000e+000	
3.52345616e-003	6.54412148e-003	6.54412148e-003	0.00000000e+000	
3.52675836e-003	6.54307932e-003	6.54307932e-003	0.00000000e+000	
3.53006057e-003	6.54203716e-003	6.54203716e-003	0.00000000e+000	
3.53336278e-003	6.54099500e-003	6.54099500e-003	0.00000000e+000	
3.53666499e-003	6.53995284e-003	6.53995284e-003	0.00000000e+000	
3.53996720e-003	6.53891068e-003	6.53891068e-003	0.00000000e+000	
3.54326941e-003	6.53786853e-003	6.53786853e-003	0.00000000e+000	
3.54657161e-003	6.53682637e-003	6.53682637e-003	0.00000000e+000	
3.54987382e-003	6.53578421e-003	6.53578421e-003	0.00000000e+000	
3.55317603e-003	6.53474205e-003	6.53474205e-003	0.00000000e+000	
3.55647824e-003	6.53369989e-003	6.53369989e-003	0.00000000e+000	
3.55978045e-003	6.53265773e-003	6.53265773e-003	0.00000000e+000	
3.56308265e-003	6.53161558e-003	6.53161558e-003	0.00000000e+000	
3.56638486e-003	6.53057342e-003	6.53057342e-003	0.00000000e+000	
3.56968707e-003	6.52953126e-003	6.52953126e-003	0.00000000e+000	
3.57298928e-003	6.52848910e-003	6.52848910e-003	0.00000000e+000	
3.57629149e-003	6.52744694e-003	6.52744694e-003	0.00000000e+000	
3.57959370e-003	6.52640478e-003	6.52640478e-003	0.00000000e+000	
3.58289590e-003	6.52536263e-003	6.52536263e-003	0.00000000e+000	
3.58619811e-003	6.52432047e-003	6.52432047e-003	0.00000000e+000	
3.58950032e-003	6.52327831e-003	6.52327831e-003	0.00000000e+000	
3.59280253e-003	6.52223615e-003	6.52223615e-003	0.00000000e+000	
3.59610474e-003	6.52119399e-003	6.52119399e-003	0.00000000e+000	
3.59940694e-003	6.52015183e-003	6.52015183e-003	0.00000000e+000	
3.60270915e-003	6.51910968e-003	6.51910968e-003	0.00000000e+000	
3.60601136e-003	6.51806752e-003	6.51806752e-003	0.00000000e+000	
3.60931357e-003	6.51702536e-003	6.51702536e-003	0.00000000e+000	
3.61261578e-003	6.51598320e-003	6.51598320e-003	0.00000000e+000	
3.61591799e-003	6.51494104e-003	6.51494104e-003	0.00000000e+000	
3.61922019e-003	6.51389888e-003	6.51389888e-003	0.00000000e+000	
3.62252240e-003	6.51285673e-003	6.51285673e-003	0.00000000e+000	
3.62582461e-003	6.51181457e-003	6.51181457e-003	0.00000000e+000	
3.62912682e-003	6.51077241e-003	6.51077241e-003	0.00000000e+000	
3.63242903e-003	6.50973025e-003	6.50973025e-003	0.00000000e+000	
3.63573123e-003	6.50868809e-003	6.50868809e-003	0.00000000e+000	
3.63903344e-003	6.50764593e-003	6.50764593e-003	0.00000000e+000	
3.64233565e-003	6.50660378e-003	6.50660378e-003	0.00000000e+000	
3.64563786e-003	6.50556162e-003	6.50556162e-003	0.00000000e+000	
3.64894007e-003	6.50451946e-003	6.50451946e-003	0.00000000e+000	
3.65224228e-003	6.50347730e-003	6.50347730e-003	0.00000000e+000	
3.65554448e-003	6.50243514e-003	6.50243514e-003	0.00000000e+000	
3.65884669e-003	6.50143136e-003	6.50143136e-003	0.00000000e+000	
3.66214890e-003	6.50043414e-003	6.50043414e-003	0.00000000e+000	
3.66545111e-003	6.49943691e-003	6.49943691e-003	0.00000000e+000	
3.66875332e-003	6.49843969e-003	6.49843969e-003	0.00000000e+000	
3.67205553e-003	6.49744246e-003	6.49744246e-003	0.00000000e+000	
3.67535773e-003	6.49644524e-003	6.49644524e-003	0.00000000e+000	
3.67865994e-003	6.49544801e-003	6.49544801e-003	0.00000000e+000	
3.68196215e-003	6.49445079e-003	6.49445079e-003	0.00000000e+000	
3.68526436e-003	6.49345356e-003	6.49345356e-003	0.00000000e+000	
3.68856657e-003	6.49245634e-003	6.49245634e-003	0.00000000e+000	
3.69186877e-003	6.49145911e-003	6.49145911e-003	0.00000000e+000	
3.69517098e-003	6.49046189e-003	6.49046189e-003	0.00000000e+000	
3.69847319e-003	6.48946466e-003	6.48946466e-003	0.00000000e+000	
3.70177540e-003	6.48846743e-003	6.48846743e-003	0.00000000e+000	
3.70507761e-003	6.48747021e-003	6.48747021e-003	0.00000000e+000	
3.70837982e-003	6.48647298e-003	6.48647298e-003	0.00000000e+000	
3.71168202e-003	6.48547576e-003	6.48547576e-003	0.00000000e+000	
3.71498423e-003	6.48447853e-003	6.48447853e-003	0.00000000e+000	
3.71828644e-003	6.48338729e-003	6.48338729e-003	0.00000000e+000	
3.72158865e-003	6.48203829e-003	6.48203829e-003	0.00000000e+000	
3.72489086e-003	6.48068929e-003	6.48068929e-003	0.00000000e+000	
3.72819306e-003	6.47934028e-003	6.47934028e-003	0.00000000e+000	
3.73149527e-003	6.47799128e-003	6.47799128e-003	0.00000000e+000	
3.73479748e-003	6.47664228e-003	6.47664228e-003	0.00000000e+000	
3.73809969e-003	6.47529328e-003	6.47529328e-003	0.00000000e+000	
3.74140190e-003	6.47394428e-003	6.47394428e-003	0.00000000e+000	
3.74470411e-003	6.47259528e-003	6.47259528e-003	0.00000000e+000	
3.74800631e-003	6.47124628e-003	6.47124628e-003	0.00000000e+000	
3.75130852e-003	6.46989728e-003	6.46989728e-003	0.00000000e+000	
3.75461073e-003	6.46854827e-003	6.46854827e-003	0.00000000e+000	
3.75791294e-003	6.46719927e-003	6.46719927e-003	0.00000000e+000	
3.76121515e-003	6.46585027e-003	6.46585027e-003	0.00000000e+000	
3.76451735e-003	6.46450127e-003	6.46450127e-003	0.00000000e+000	
3.76781956e-003	6.46315227e-003	6.46315227e-003	0.00000000e+000	
3.77112177e-003	6.46180327e-003	6.46180327e-003	0.00000000e+000	
3.77442398e-003	6.46045427e-003	6.46045427e-003	0.00000000e+000	
3.77772619e-003	6.45910527e-003	6.45910527e-003	0.00000000e+000	
3.78102840e-003	6.45775626e-003	6.45775626e-003	0.00000000e+000	
3.78433060e-003	6.45640726e-003	6.45640726e-003	0.00000000e+000	
3.78763281e-003	6.45505826e-003	6.45505826e-003	0.00000000e+000	
3.79093502e-003	6.45370926e-003	6.45370926e-003	0.00000000e+000	
3.79423723e-003	6.45236026e-003	6.45236026e-003	0.00000000e+000	
3.79753944e-003	6.45101126e-003	6.45101126e-003	0.00000000e+000	
3.80084165e-003	6.44966226e-003	6.44966226e-003	0.00000000e+000	
3.80414385e-003	6.44831325e-003	6.44831325e-003	0.00000000e+000	
3.80744606e-003	6.44696425e-003	6.44696425e-003	0.00000000e+000	
3.81074827e-003	6.44561525e-003	6.44561525e-003	0.00000000e+000	
3.81405048e-003	6.44426625e-003	6.44426625e-003	0.00000000e+000	
3.81735269e-003	6.44291725e-003	6.44291725e-003	0.00000000e+000	
3.82065489e-003	6.44156825e-003	6.44156825e-003	0.00000000e+000	
3.82395710e-003	6.44021925e-003	6.44021925e-003	0.00000000e+000	
3.82725931e-003	6.43892827e-003	6.43892827e-003	0.00000000e+000	
3.83056152e-003	6.43763786e-003	6.43763786e-003	0.00000000e+000	
3.83386373e-003	6.43634745e-003	6.43634745e-003	0.00000000e+000	
3.83716594e-003	6.43505704e-003	6.43505704e-003	0.00000000e+000	
3.84046814e-003	6.43376663e-003	6.43376663e-003	0.00000000e+000	
3.84377035e-003	6.43247621e-003	6.43247621e-003	0.00000000e+000	
3.84707256e-003	6.43118580e-003	6.43118580e-003	0.00000000e+000	
3.85037477e-003	6.42989539e-003	6.42989539e-003	0.00000000e+000	
3.85367698e-003	6.42860498e-003	6.42860498e-003	0.00000000e+000	
3.85697918e-003	6.42731457e-003	6.42731457e-003	0.00000000e+000	
3.86028139e-003	6.42602416e-003	6.42602416e-003	0.00000000e+000	
3.86358360e-003	6.42473375e-003	6.42473375e-003	0.00000000e+000	
3.86688581e-003	6.42344334e-003	6.42344334e-003	0.00000000e+000	
3.87018802e-003	6.42215293e-003	6.42215293e-003	0.00000000e+000	
3.87349023e-003	6.42086252e-003	6.42086252e-003	0.00000000e+000	
3.87679243e-003	6.41957211e-003	6.41957211e-003	0.00000000e+000	
3.88009464e-003	6.41828170e-003	6.41828170e-003	0.00000000e+000	
3.88339685e-003	6.41699129e-003	6.41699129e-003	0.00000000e+000	
3.88669906e-003	6.41570088e-003	6.41570088e-003	0.00000000e+000	
3.89000127e-003	6.41441047e-003	6.41441047e-003	0.00000000e+000	
3.89330348e-003	6.41312006e-003	6.41312006e-003	0.00000000e+000	
3.89660568e-003	6.41182965e-003	6.41182965e-003	0.00000000e+000	
3.89990789e-003	6.41053924e-003	6.41053924e-003	0.00000000e+000	
3.90321010e-003	6.40924883e-003	6.40924883e-003	0.00000000e+000	
3.90651231e-003	6.40795842e-003	6.40795842e-003	0.00000000e+000	
3.90981452e-003	6.40666801e-003	6.40666801e-003	0.00000000e+000	
3.91311672e-003	6.40537759e-003	6.40537759e-003	0.00000000e+000	
3.91641893e-003	6.40408718e-003	6.40408718e-003	0.00000000e+000	
3.91972114e-003	6.40279677e-003	6.40279677e-003	0.00000000e+000	
3.92302335e-003	6.40150636e-003	6.40150636e-003	0.00000000e+000	
3.92632556e-003	6.40021595e-003	6.40021595e-003	0.00000000e+000	
3.92962777e-003	6.39892554e-003	6.39892554e-003	0.00000000e+000	
3.93292997e-003	6.39763513e-003	6.39763513e-003	0.00000000e+000	
3.93623218e-003	6.39634472e-003	6.39634472e-003	0.00000000e+000	
3.93953439e-003	6.39505431e-003	6.39505431e-003	0.00000000e+000	
3.94283660e-003	6.39376390e-003	6.39376390e-003	0.00000000e+000	
3.94613881e-003	6.39247349e-003	6.39247349e-003	0.00000000e+000	
3.94944101e-003	6.39118308e-003	6.39118308e-003	0.00000000e+000	
3.95274322e-003	6.38989267e-003	6.38989267e-003	0.00000000e+000	
3.95604543e-003	6.38860226e-003	6.38860226e-003	0.00000000e+000	
3.95934764e-003	6.38731185e-003	6.38731185e-003	0.00000000e+000	
3.96264985e-003	6.38602144e-003	6.38602144e-003	0.00000000e+000	
3.96595206e-003	6.38473103e-003	6.38473103e-003	0.00000000e+000	
3.96925426e-003	6.38344062e-003	6.38344062e-003	0.00000000e+000	
3.97255647e-003	6.38215021e-003	6.38215021e-003	0.00000000e+000	
3.97585868e-003	6.38085980e-003	6.38085980e-003	0.00000000e+000	
3.97916089e-003	6.37956939e-003	6.37956939e-003	0.00000000e+000	
3.98246310e-003	6.37827897e-003	6.37827897e-003	0.00000000e+000	
3.98576530e-003	6.37698856e-003	6.37698856e-003	0.00000000e+000	
3.98906751e-003	6.37569815e-003	6.37569815e-003	0.00000000e+000	
3.99236972e-003	6.37440774e-003	6.37440774e-003	0.00000000e+000	
3.99567193e-003	6.37311733e-003	6.37311733e-003	0.00000000e+000	
3.99897414e-003	6.37182692e-003	6.37182692e-003	0.00000000e+000	
4.00227635e-003	6.37053651e-003	6.37053651e-003	0.00000000e+000	
4.00557855e-003	6.36924610e-003	6.36924610e-003	0.00000000e+000	
4.00888076e-003	6.36795569e-003	6.36795569e-003	0.00000000e+000	
4.01218297e-003	6.36666528e-003	6.36666528e-003	0.00000000e+000	
4.01548518e-003	6.36537487e-003	6.36537487e-003	0.00000000e+000	
4.01878739e-003	6.36408446e-003	6.36408446e-003	0.00000000e+000	
4.02208960e-003	6.36279405e-003	6.36279405e-003	0.00000000e+000	
4.02539180e-003	6.36150364e-003	6.36150364e-003	0.00000000e+000	
4.02869401e-003	6.36021323e-003	6.36021323e-003	0.00000000e+000	
4.03199622e-003	6.35892282e-003	6.35892282e-003	0.00000000e+000	
4.03529843e-003	6.35763241e-003	6.35763241e-003	0.00000000e+000	
4.03860064e-003	6.35634200e-003	6.35634200e-003	0.00000000e+000	
4.04190284e-003	6.35505159e-003	6.35505159e-003	0.00000000e+000	
4.04520505e-003	6.35376118e-003	6.35376118e-003	0.00000000e+000	
4.04850726e-003	6.35247077e-003	6.35247077e-003	0.00000000e+000	
4.05180947e-003	6.35118035e-003	6.35118035e-003	0.00000000e+000	
4.05511168e-003	6.34988994e-003	6.34988994e-003	0.00000000e+000	
4.05841389e-003	6.34859953e-003	6.34859953e-003	0.00000000e+000	
4.06171609e-003	6.34730912e-003	6.34730912e-003	0.00000000e+000	
4.06501830e-003	6.34601871e-003	6.34601871e-003	0.00000000e+000	
4.06832051e-003	6.34472830e-003	6.34472830e-003	0.00000000e+000	
4.07162272e-003	6.34343789e-003	6.34343789e-003	0.00000000e+000	
4.07492493e-003	6.34214748e-003	6.34214748e-003	0.00000000e+000	
4.07822713e-003	6.34085707e-003	6.34085707e-003	0.00000000e+000	
4.08152934e-003	6.33956666e-003	6.33956666e-003	0.00000000e+000	
4.08483155e-003	6.33827625e-003	6.33827625e-003	0.00000000e+000	
4.08813376e-003	6.33698584e-003	6.33698584e-003	0.00000000e+000	
4.09143597e-003	6.33569543e-003	6.33569543e-003	0.00000000e+000	
4.09473818e-003	6.33440502e-003	6.33440502e-003	0.00000000e+000	
4.09804038e-003	6.33311461e-003	6.33311461e-003	0.00000000e+000	
4.10134259e-003	6.33182420e-003	6.33182420e-003	0.00000000e+000	
4.10464480e-003	6.33053379e-003	6.33053379e-003	0.00000000e+000	
4.10794701e-003	6.32924338e-003	6.32924338e-003	0.00000000e+000	
4.11124922e-003	6.32795297e-003	6.32795297e-003	0.00000000e+000	
4.11455142e-003	6.32666256e-003	6.32666256e-003	0.00000000e+000	
4.11785363e-003	6.32537215e-003	6.32537215e-003	0.00000000e+000	
4.12115584e-003	6.32408173e-003	6.32408173e-003	0.00000000e+000	
4.12445805e-003	6.32279132e-003	6.32279132e-003	0.00000000e+000	
4.12776026e-003	6.32150091e-003	6.32150091e-003	0.00000000e+000	
4.13106247e-003	6.32021050e-003	6.32021050e-003	0.00000000e+000	
4.13436467e-003	6.31892009e-003	6.31892009e-003	0.00000000e+000	
4.13766688e-003	6.31762968e-003	6.31762968e-003	0.00000000e+000	
4.14096909e-003	6.31633927e-003	6.31633927e-003	0.00000000e+000	
4.14427130e-003	6.31504886e-003	6.31504886e-003	0.00000000e+000	
4.14757351e-003	6.31375845e-003	6.31375845e-003	0.00000000e+000	
4.15087572e-003	6.31246804e-003	6.31246804e-003	0.00000000e+000	
4.15417792e-003	6.31117763e-003	6.31117763e-003	0.00000000e+000	
4.15748013e-003	6.30988722e-003	6.30988722e-003	0.00000000e+000	
4.16078234e-003	6.30859681e-003	6.30859681e-003	0.00000000e+000	
4.16408455e-003	6.30730640e-003	6.30730640e-003	0.00000000e+000	
4.16738676e-003	6.30601599e-003	6.30601599e-003	0.00000000e+000	
4.17068896e-003	6.30472558e-003	6.30472558e-003	0.00000000e+000	
4.17399117e-003	6.30343517e-003	6.30343517e-003	0.00000000e+000	
4.17729338e-003	6.30214476e-003	6.30214476e-003	0.00000000e+000	
4.18059559e-003	6.30085435e-003	6.30085435e-003	0.00000000e+000	
4.18389780e-003	6.29956394e-003	6.29956394e-003	0.00000000e+000	
4.18720001e-003	6.29827352e-003	6.29827352e-003	0.00000000e+000	
4.19050221e-003	6.29698311e-003	6.29698311e-003	0.00000000e+000	
4.19380442e-003	6.29569270e-003	6.29569270e-003	0.00000000e+000	
4.19710663e-003	6.29440229e-003	6.29440229e-003	0.00000000e+000	
4.20040884e-003	6.29311188e-003	6.29311188e-003	0.00000000e+000	
4.20371105e-003	6.29182147e-003	6.29182147e-003	0.00000000e+000	
4.20701325e-003	6.29053106e-003	6.29053106e-003	0.00000000e+000	
4.21031546e-003	6.28924065e-003	6.28924065e-003	0.00000000e+000	
4.21361767e-003	6.28795024e-003	6.28795024e-003	0.00000000e+000	
4.21691988e-003	6.28665983e-003	6.28665983e-003	0.00000000e+000	
4.22022209e-003	6.28536942e-003	6.28536942e-003	0.00000000e+000	
4.22352430e-003	6.28407901e-003	6.28407901e-003	0.00000000e+000	
4.22682650e-003	6.28278860e-003	6.28278860e-003	0.00000000e+000	
4.23012871e-003	6.28149819e-003	6.28149819e-003	0.00000000e+000	
4.23343092e-003	6.28020778e-003	6.28020778e-003	0.00000000e+000	
4.23673313e-003	6.27891737e-003	6.27891737e-003	0.00000000e+000	
4.24003534e-003	6.27762696e-003	6.27762696e-003	0.00000000e+000	
4.24333754e-003	6.27633655e-003	6.27633655e-003	0.00000000e+000	
4.24663975e-003	6.27504614e-003	6.27504614e-003	0.00000000e+000	
4.24994196e-003	6.27375573e-003	6.27375573e-003	0.00000000e+000	
4.25324417e-003	6.27246532e-003	6.27246532e-003	0.00000000e+000	
4.25654638e-003	6.27117490e-003	6.27117490e-003	0.00000000e+000	
4.25984859e-003	6.26988449e-003	6.26988449e-003	0.00000000e+000	
4.26315079e-003	6.26859408e-003	6.26859408e-003	0.00000000e+000	
4.26645300e-003	6.26730367e-003	6.26730367e-003	0.00000000e+000	
4.26975521e-003	6.26601326e-003	6.26601326e-003	0.00000000e+000	
4.27305742e-003	6.26472285e-003	6.26472285e-003	0.00000000e+000	
4.27635963e-003	6.26329158e-003	6.26329158e-003	0.00000000e+000	
4.27966184e-003	6.26183107e-003	6.26183107e-003	0.00000000e+000	
4.28296404e-003	6.26037057e-003	6.26037057e-003	0.00000000e+000	
4.28626625e-003	6.25891006e-003	6.25891006e-003	0.00000000e+000	
4.28956846e-003	6.25744955e-003	6.25744955e-003	0.00000000e+000	
4.29287067e-003	6.25598904e-003	6.25598904e-003	0.00000000e+000	
4.29617288e-003	6.25452853e-003	6.25452853e-003	0.00000000e+000	
4.29947508e-003	6.25306802e-003	6.25306802e-003	0.00000000e+000	
4.30277729e-003	6.25160751e-003	6.25160751e-003	0.00000000e+000	
4.30607950e-003	6.25014700e-003	6.25014700e-003	0.00000000e+000	
4.30938171e-003	6.24868649e-003	6.24868649e-003	0.00000000e+000	
4.31268392e-003	6.24722599e-003	6.24722599e-003	0.00000000e+000	
4.31598613e-003	6.24576548e-003	6.24576548e-003	0.00000000e+000	
4.31928833e-003	6.24430497e-003	6.24430497e-003	0.00000000e+000	
4.32259054e-003	6.24284446e-003	6.24284446e-003	0.00000000e+000	
4.32589275e-003	6.24138395e-003	6.24138395e-003	0.00000000e+000	
4.32919496e-003	6.23992344e-003	6.23992344e-003	0.00000000e+000	
4.33249717e-003	6.23846293e-003	6.23846293e-003	0.00000000e+000	
4.33579937e-003	6.23700242e-003	6.23700242e-003	0.00000000e+000	
4.33910158e-003	6.23554191e-003	6.23554191e-003	0.00000000e+000	
4.34240379e-003	6.23408141e-003	6.23408141e-003	0.00000000e+000	
4.34570600e-003	6.23262090e-003	6.23262090e-003	0.00000000e+000	
4.34900821e-003	6.23116039e-003	6.23116039e-003	0.00000000e+000	
4.35231042e-003	6.22969988e-003	6.22969988e-003	0.00000000e+000	
4.35561262e-003	6.22823937e-003	6.22823937e-003	0.00000000e+000	
4.35891483e-003	6.22675867e-003	6.22675867e-003	0.00000000e+000	
4.36221704e-003	6.22516488e-003	6.22516488e-003	0.00000000e+000	
4.36551925e-003	6.22357108e-003	6.22357108e-003	0.00000000e+000	
4.36882146e-003	6.22197729e-003	6.22197729e-003	0.00000000e+000	
4.37212366e-003	6.22038350e-003	6.22038350e-003	0.00000000e+000	
4.37542587e-003	6.21878970e-003	6.21878970e-003	0.00000000e+000	
4.37872808e-003	6.21719591e-003	6.21719591e-003	0.00000000e+000	
4.38203029e-003	6.21560212e-003	6.21560212e-003	0.00000000e+000	
4.38533250e-003	6.21400833e-003	6.21400833e-003	0.00000000e+000	
4.38863471e-003	6.21241453e-003	6.21241453e-003	0.00000000e+000	
4.39193691e-003	6.21082074e-003	6.21082074e-003	0.00000000e+000	
4.39523912e-003	6.20922695e-003	6.20922695e-003	0.00000000e+000	
4.39854133e-003	6.20763315e-003	6.20763315e-003	0.00000000e+000	
4.40184354e-003	6.20603936e-003	6.20603936e-003	0.00000000e+000	
4.40514575e-003	6.20444557e-003	6.20444557e-003	0.00000000e+000	
4.40844796e-003	6.20285177e-003	6.20285177e-003	0.00000000e+000	
4.41175016e-003	6.20125798e-003	6.20125798e-003	0.00000000e+000	
4.41505237e-003	6.19966419e-003	6.19966419e-003	0.00000000e+000	
4.41835458e-003	6.19807039e-003	6.19807039e-003	0.00000000e+000	
4.42165679e-003	6.19647660e-003	6.19647660e-003	0.00000000e+000	
4.42495900e-003	6.19488281e-003	6.19488281e-003	0.00000000e+000	
4.42826120e-003	6.19328902e-003	6.19328902e-003	0.00000000e+000	
4.43156341e-003	6.19169522e-003	6.19169522e-003	0.00000000e+000	
4.43486562e-003	6.19010143e-003	6.19010143e-003	0.00000000e+000	
4.43816783e-003	6.18850764e-003	6.18850764e-003	0.00000000e+000	
4.44147004e-003	6.18691384e-003	6.18691384e-003	0.00000000e+000	
4.44477225e-003	6.18532005e-003	6.18532005e-003	0.00000000e+000	
4.44807445e-003	6.18372626e-003	6.18372626e-003	0.00000000e+000	
4.45137666e-003	6.18213246e-003	6.18213246e-003	0.00000000e+000	
4.45467887e-003	6.18053867e-003	6.18053867e-003	0.00000000e+000	
4.45798108e-003	6.17894488e-003	6.17894488e-003	0.00000000e+000	
4.46128329e-003	6.17735108e-003	6.17735108e-003	0.00000000e+000	
4.46458549e-003	6.17575729e-003	6.17575729e-003	0.00000000e+000	
4.46788770e-003	6.17416350e-003	6.17416350e-003	0.00000000e+000	
4.47118991e-003	6.17256970e-003	6.17256970e-003	0.00000000e+000	
4.47449212e-003	6.17097591e-003	6.17097591e-003	0.00000000e+000	
4.47779433e-003	6.16938212e-003	6.16938212e-003	0.00000000e+000	
4.48109654e-003	6.16778833e-003	6.16778833e-003	0.00000000e+000	
4.48439874e-003	6.16619453e-003	6.16619453e-003	0.00000000e+000	
4.48770095e-003	6.16460074e-003	6.16460074e-003	0.00000000e+000	
4.49100316e-003	6.16300695e-003	6.16300695e-003	0.00000000e+000	
4.49430537e-003	6.16141315e-003	6.16141315e-003	0.00000000e+000	
4.49760758e-003	6.15981936e-003	6.15981936e-003	0.00000000e+000	
4.50090978e-003	6.15822557e-003	6.15822557e-003	0.00000000e+000	
4.50421199e-003	6.15663177e-003	6.15663177e-003	0.00000000e+000	
4.50751420e-003	6.15503798e-003	6.15503798e-003	0.00000000e+000	
4.51081641e-003	6.15344419e-003	6.15344419e-003	0.00000000e+000	
4.51411862e-003	6.15185039e-003	6.15185039e-003	0.00000000e+000	
4.51742083e-003	6.15025660e-003	6.15025660e-003	0.00000000e+000	
4.52072303e-003	6.14866281e-003	6.14866281e-003	0.00000000e+000	
4.52402524e-003	6.14706902e-003	6.14706902e-003	0.00000000e+000	
4.52732745e-003	6.14547522e-003	6.14547522e-003	0.00000000e+000	
4.53062966e-003	6.14388143e-003	6.14388143e-003	0.00000000e+000	
4.53393187e-003	6.14228764e-003	6.14228764e-003	0.00000000e+000	
4.53723408e-003	6.14069384e-003	6.14069384e-003	0.00000000e+000	
4.54053628e-003	6.13910005e-003	6.13910005e-003	0.00000000e+000	
4.54383849e-003	6.13750626e-003	6.13750626e-003	0.00000000e+000	
4.54714070e-003	6.13591246e-003	6.13591246e-003	0.00000000e+000	
4.55044291e-003	6.13431867e-003	6.13431867e-003	0.00000000e+000	
4.55374512e-003	6.13272488e-003	6.13272488e-003	0.00000000e+000	
4.55704732e-003	6.13113108e-003	6.13113108e-003	0.00000000e+000	
4.56034953e-003	6.12953729e-003	6.12953729e-003	0.00000000e+000	
4.56365174e-003	6.12794350e-003	6.12794350e-003	0.00000000e+000	
4.56695395e-003	6.12634971e-003	6.12634971e-003	0.00000000e+000	
4.57025616e-003	6.12475591e-003	6.12475591e-003	0.00000000e+000	
4.57355837e-003	6.12316212e-003	6.12316212e-003	0.00000000e+000	
4.57686057e-003	6.12156833e-003	6.12156833e-003	0.00000000e+000	
4.58016278e-003	6.11997453e-003	6.11997453e-003	0.00000000e+000	
4.58346499e-003	6.11838074e-003	6.11838074e-003	0.00000000e+000	
4.58676720e-003	6.11678433e-003	6.11678433e-003	0.00000000e+000	
4.59006941e-003	6.11508766e-003	6.11508766e-003	0.00000000e+000	
4.59337161e-003	6.11339099e-003	6.11339099e-003	0.00000000e+000	
4.59667382e-003	6.11169432e-003	6.11169432e-003	0.00000000e+000	
4.59997603e-003	6.10999764e-003	6.10999764e-003	0.00000000e+000	
4.60327824e-003	6.10830097e-003	6.10830097e-003	0.00000000e+000	
4.60658045e-003	6.10660430e-003	6.10660430e-003	0.00000000e+000	
4.60988266e-003	6.10490763e-003	6.10490763e-003	0.00000000e+000	
4.61318486e-003	6.10321096e-003	6.10321096e-003	0.00000000e+000	
4.61648707e-003	6.10151428e-003	6.10151428e-003	0.00000000e+000	
4.61978928e-003	6.09981761e-003	6.09981761e-003	0.00000000e+000	
4.62309149e-003	6.09812094e-003	6.09812094e-003	0.00000000e+000	
4.62639370e-003	6.09642427e-003	6.09642427e-003	0.00000000e+000	
4.62969591e-003	6.09472760e-003	6.09472760e-003	0.00000000e+000	
4.63299811e-003	6.09303092e-003	6.09303092e-003	0.00000000e+000	
4.63630032e-003	6.09127232e-003	6.09127232e-003	0.00000000e+000	
4.63960253e-003	6.08930793e-003	6.08930793e-003	0.00000000e+000	
4.64290474e-003	6.08734354e-003	6.08734354e-003	0.00000000e+000	
4.64620695e-003	6.08537915e-003	6.08537915e-003	0.00000000e+000	
4.64950915e-003	6.08341475e-003	6.08341475e-003	0.00000000e+000	
4.65281136e-003	6.08145036e-003	6.08145036e-003	0.00000000e+000	
4.65611357e-003	6.07948597e-003	6.07948597e-003	0.00000000e+000	
4.65941578e-003	6.07752158e-003	6.07752158e-003	0.00000000e+000	
4.66271799e-003	6.07555719e-003	6.07555719e-003	0.00000000e+000	
4.66602020e-003	6.07359280e-003	6.07359280e-003	0.00000000e+000	
4.66932240e-003	6.07162841e-003	6.07162841e-003	0.00000000e+000	
4.67262461e-003	6.06966401e-003	6.06966401e-003	0.00000000e+000	
4.67592682e-003	6.06769962e-003	6.06769962e-003	0.00000000e+000	
4.67922903e-003	6.06573523e-003	6.06573523e-003	0.00000000e+000	
4.68253124e-003	6.06377084e-003	6.06377084e-003	0.00000000e+000	
4.68583344e-003	6.06180645e-003	6.06180645e-003	0.00000000e+000	
4.68913565e-003	6.05984206e-003	6.05984206e-003	0.00000000e+000	
4.69243786e-003	6.05787766e-003	6.05787766e-003	0.00000000e+000	
4.69574007e-003	6.05591327e-003	6.05591327e-003	0.00000000e+000	
4.69904228e-003	6.05394888e-003	6.05394888e-003	0.00000000e+000	
4.70234449e-003	6.05198449e-003	6.05198449e-003	0.00000000e+000	
4.70564669e-003	6.05002010e-003	6.05002010e-003	0.00000000e+000	
4.70894890e-003	6.04805571e-003	6.04805571e-003	0.00000000e+000	
4.71225111e-003	6.04609132e-003	6.04609132e-003	0.00000000e+000	
4.71555332e-003	6.04412692e-003	6.04412692e-003	0.00000000e+000	
4.71885553e-003	6.04216253e-003	6.04216253e-003	0.00000000e+000	
4.72215773e-003	6.04019814e-003	6.04019814e-003	0.00000000e+000	
4.72545994e-003	6.03823375e-003	6.03823375e-003	0.00000000e+000	
4.72876215e-003	6.03627564e-003	6.03627564e-003	0.00000000e+000	
4.73206436e-003	6.03432820e-003	6.03432820e-003	0.00000000e+000	
4.73536657e-003	6.03238076e-003	6.03238076e-003	0.00000000e+000	
4.73866878e-003	6.03043332e-003	6.03043332e-003	0.00000000e+000	
4.74197098e-003	6.02848588e-003	6.02848588e-003	0.00000000e+000	
4.74527319e-003	6.02653844e-003	6.02653844e-003	0.00000000e+000	
4.74857540e-003	6.02459100e-003	6.02459100e-003	0.00000000e+000	
4.75187761e-003	6.02264357e-003	6.02264357e-003	0.00000000e+000	
4.75517982e-003	6.02069613e-003	6.02069613e-003	0.00000000e+000	
4.75848203e-003	6.01874869e-003	6.01874869e-003	0.00000000e+000	
4.76178423e-003	6.01680125e-003	6.01680125e-003	0.00000000e+000	
4.76508644e-003	6.01485381e-003	6.01485381e-003	0.00000000e+000	
4.76838865e-003	6.01290637e-003	6.01290637e-003	0.00000000e+000	
4.77169086e-003	6.01095893e-003	6.01095893e-003	0.00000000e+000	
4.77499307e-003	6.00901149e-003	6.00901149e-003	0.00000000e+000	
4.77829527e-003	6.00706405e-003	6.00706405e-003	0.00000000e+000	
4.78159748e-003	6.00511661e-003	6.00511661e-003	0.00000000e+000	
4.78489969e-003	6.00316917e-003	6.00316917e-003	0.00000000e+000	
4.78820190e-003	6.00122173e-003	6.00122173e-003	0.00000000e+000	
4.79150411e-003	5.99927429e-003	5.99927429e-003	0.00000000e+000	
4.79480632e-003	5.99732685e-003	5.99732685e-003	0.00000000e+000	
4.79810852e-003	5.99537941e-003	5.99537941e-003	0.00000000e+000	
4.80141073e-003	5.99343197e-003	5.99343197e-003	0.00000000e+000	
4.80471294e-003	5.99148453e-003	5.99148453e-003	0.00000000e+000	
4.80801515e-003	5.98953709e-003	5.98953709e-003	0.00000000e+000	
4.81131736e-003	5.98758965e-003	5.98758965e-003	0.00000000e+000	
4.81461956e-003	5.98564222e-003	5.98564222e-003	0.00000000e+000	
4.81792177e-003	5.98369478e-003	5.98369478e-003	0.00000000e+000	
4.82122398e-003	5.98174734e-003	5.98174734e-003	0.00000000e+000	
4.82452619e-003	5.97969814e-003	5.97969814e-003	0.00000000e+000	
4.82782840e-003	5.97761501e-003	5.97761501e-003	0.00000000e+000	
4.83113061e-003	5.97553189e-003	5.97553189e-003	0.00000000e+000	
4.83443281e-003	5.97344877e-003	5.97344877e-003	0.00000000e+000	
4.83773502e-003	5.97136565e-003	5.97136565e-003	0.00000000e+000	
4.84103723e-003	5.96928253e-003	5.96928253e-003	0.00000000e+000	
4.84433944e-003	5.96719941e-003	5.96719941e-003	0.00000000e+000	
4.84764165e-003	5.96511629e-003	5.96511629e-003	0.00000000e+000	
4.85094385e-003	5.96303317e-003	5.96303317e-003	0.00000000e+000	
4.85424606e-003	5.96095005e-003	5.96095005e-003	0.00000000e+000	
4.85754827e-003	5.95886693e-003	5.95886693e-003	0.00000000e+000	
4.86085048e-003	5.95678381e-003	5.95678381e-003	0.00000000e+000	
4.86415269e-003	5.95470069e-003	5.95470069e-003	0.00000000e+000	
4.86745490e-003	5.95261757e-003	5.95261757e-003	0.00000000e+000	
4.87075710e-003	5.95053445e-003	5.95053445e-003	0.00000000e+000	
4.87405931e-003	5.94845133e-003	5.94845133e-003	0.00000000e+000	
4.87736152e-003	5.94636821e-003	5.94636821e-003	0.00000000e+000	
4.88066373e-003	5.94428509e-003	5.94428509e-003	0.00000000e+000	
4.88396594e-003	5.94220197e-003	5.94220197e-003	0.00000000e+000	
4.88726815e-003	5.94011885e-003	5.94011885e-003	0.00000000e+000	
4.89057035e-003	5.93803573e-003	5.93803573e-003	0.00000000e+000	
4.89387256e-003	5.93595261e-003	5.93595261e-003	0.00000000e+000	
4.89717477e-003	5.93386949e-003	5.93386949e-003	0.00000000e+000	
4.90047698e-003	5.93178637e-003	5.93178637e-003	0.00000000e+000	
4.90377919e-003	5.92970325e-003	5.92970325e-003	0.00000000e+000	
4.90708139e-003	5.92762013e-003	5.92762013e-003	0.00000000e+000	
4.91038360e-003	5.92553701e-003	5.92553701e-003	0.00000000e+000	
4.91368581e-003	5.92345389e-003	5.92345389e-003	0.00000000e+000	
4.91698802e-003	5.92137077e-003	5.92137077e-003	0.00000000e+000	
4.92029023e-003	5.91928765e-003	5.91928765e-003	0.00000000e+000	
4.92359244e-003	5.91720453e-003	5.91720453e-003	0.00000000e+000	
4.92689464e-003	5.91512141e-003	5.91512141e-003	0.00000000e+000	
4.93019685e-003	5.91303829e-003	5.91303829e-003	0.00000000e+000	
4.93349906e-003	5.91095517e-003	5.91095517e-003	0.00000000e+000	
4.93680127e-003	5.90887205e-003	5.90887205e-003	0.00000000e+000	
4.94010348e-003	5.90678893e-003	5.90678893e-003	0.00000000e+000	
4.94340568e-003	5.90470581e-003	5.90470581e-003	0.00000000e+000	
4.94670789e-003	5.90262269e-003	5.90262269e-003	0.00000000e+000	
4.95001010e-003	5.90053323e-003	5.90053323e-003	0.00000000e+000	
