% Column 0: Length, m
% Column 1: |V|, Volts
% Column 2: Re[V], Volts
% Column 3: Im[V], Volts
0.00000000e+000	0.00000000e+000	0.00000000e+000	0.00000000e+000	
3.29553711e-006	5.70233000e-003	5.70233000e-003	0.00000000e+000	
6.59107421e-006	5.70157709e-003	5.70157709e-003	0.00000000e+000	
9.88661132e-006	5.70082417e-003	5.70082417e-003	0.00000000e+000	
1.31821484e-005	5.70007126e-003	5.70007126e-003	0.00000000e+000	
1.64776855e-005	5.69931834e-003	5.69931834e-003	0.00000000e+000	
1.97732226e-005	5.69856543e-003	5.69856543e-003	0.00000000e+000	
2.30687597e-005	5.69781251e-003	5.69781251e-003	0.00000000e+000	
2.63642968e-005	5.69705960e-003	5.69705960e-003	0.00000000e+000	
2.96598340e-005	5.69630668e-003	5.69630668e-003	0.00000000e+000	
3.29553711e-005	5.69555377e-003	5.69555377e-003	0.00000000e+000	
3.62509082e-005	5.69480085e-003	5.69480085e-003	0.00000000e+000	
3.95464453e-005	5.69404794e-003	5.69404794e-003	0.00000000e+000	
4.28419824e-005	5.69329502e-003	5.69329502e-003	0.00000000e+000	
4.61375195e-005	5.69254211e-003	5.69254211e-003	0.00000000e+000	
4.94330566e-005	5.69178919e-003	5.69178919e-003	0.00000000e+000	
5.27285937e-005	5.69103628e-003	5.69103628e-003	0.00000000e+000	
5.60241308e-005	5.69028336e-003	5.69028336e-003	0.00000000e+000	
5.93196679e-005	5.68953045e-003	5.68953045e-003	0.00000000e+000	
6.26152050e-005	5.68926770e-003	5.68926770e-003	0.00000000e+000	
6.59107421e-005	5.68914644e-003	5.68914644e-003	0.00000000e+000	
6.92062792e-005	5.68902519e-003	5.68902519e-003	0.00000000e+000	
7.25018163e-005	5.68890393e-003	5.68890393e-003	0.00000000e+000	
7.57973534e-005	5.68878267e-003	5.68878267e-003	0.00000000e+000	
7.90928905e-005	5.68866141e-003	5.68866141e-003	0.00000000e+000	
8.23884276e-005	5.68854015e-003	5.68854015e-003	0.00000000e+000	
8.56839647e-005	5.68841890e-003	5.68841890e-003	0.00000000e+000	
8.89795019e-005	5.68829764e-003	5.68829764e-003	0.00000000e+000	
9.22750390e-005	5.68817638e-003	5.68817638e-003	0.00000000e+000	
9.55705761e-005	5.68805512e-003	5.68805512e-003	0.00000000e+000	
9.88661132e-005	5.68793386e-003	5.68793386e-003	0.00000000e+000	
1.02161650e-004	5.68781261e-003	5.68781261e-003	0.00000000e+000	
1.05457187e-004	5.68769135e-003	5.68769135e-003	0.00000000e+000	
1.08752724e-004	5.68757009e-003	5.68757009e-003	0.00000000e+000	
1.12048262e-004	5.68744883e-003	5.68744883e-003	0.00000000e+000	
1.15343799e-004	5.68732757e-003	5.68732757e-003	0.00000000e+000	
1.18639336e-004	5.68720632e-003	5.68720632e-003	0.00000000e+000	
1.21934873e-004	5.68708506e-003	5.68708506e-003	0.00000000e+000	
1.25230410e-004	5.68696380e-003	5.68696380e-003	0.00000000e+000	
1.28525947e-004	5.68684254e-003	5.68684254e-003	0.00000000e+000	
1.31821484e-004	5.68672129e-003	5.68672129e-003	0.00000000e+000	
1.35117021e-004	5.68660003e-003	5.68660003e-003	0.00000000e+000	
1.38412558e-004	5.68647877e-003	5.68647877e-003	0.00000000e+000	
1.41708096e-004	5.68635751e-003	5.68635751e-003	0.00000000e+000	
1.45003633e-004	5.68623625e-003	5.68623625e-003	0.00000000e+000	
1.48299170e-004	5.68611500e-003	5.68611500e-003	0.00000000e+000	
1.51594707e-004	5.68599374e-003	5.68599374e-003	0.00000000e+000	
1.54890244e-004	5.68587248e-003	5.68587248e-003	0.00000000e+000	
1.58185781e-004	5.68575122e-003	5.68575122e-003	0.00000000e+000	
1.61481318e-004	5.68562996e-003	5.68562996e-003	0.00000000e+000	
1.64776855e-004	5.68550871e-003	5.68550871e-003	0.00000000e+000	
1.68072392e-004	5.68537811e-003	5.68537811e-003	0.00000000e+000	
1.71367929e-004	5.68497439e-003	5.68497439e-003	0.00000000e+000	
1.74663467e-004	5.68457067e-003	5.68457067e-003	0.00000000e+000	
1.77959004e-004	5.68416694e-003	5.68416694e-003	0.00000000e+000	
1.81254541e-004	5.68376322e-003	5.68376322e-003	0.00000000e+000	
1.84550078e-004	5.68335950e-003	5.68335950e-003	0.00000000e+000	
1.87845615e-004	5.68295577e-003	5.68295577e-003	0.00000000e+000	
1.91141152e-004	5.68255205e-003	5.68255205e-003	0.00000000e+000	
1.94436689e-004	5.68214833e-003	5.68214833e-003	0.00000000e+000	
1.97732226e-004	5.68174461e-003	5.68174461e-003	0.00000000e+000	
2.01027763e-004	5.68134088e-003	5.68134088e-003	0.00000000e+000	
2.04323301e-004	5.68093716e-003	5.68093716e-003	0.00000000e+000	
2.07618838e-004	5.68053344e-003	5.68053344e-003	0.00000000e+000	
2.10914375e-004	5.68012972e-003	5.68012972e-003	0.00000000e+000	
2.14209912e-004	5.67972599e-003	5.67972599e-003	0.00000000e+000	
2.17505449e-004	5.67932227e-003	5.67932227e-003	0.00000000e+000	
2.20800986e-004	5.67891855e-003	5.67891855e-003	0.00000000e+000	
2.24096523e-004	5.67851483e-003	5.67851483e-003	0.00000000e+000	
2.27392060e-004	5.67811110e-003	5.67811110e-003	0.00000000e+000	
2.30687597e-004	5.67770738e-003	5.67770738e-003	0.00000000e+000	
2.33983135e-004	5.67730366e-003	5.67730366e-003	0.00000000e+000	
2.37278672e-004	5.67689994e-003	5.67689994e-003	0.00000000e+000	
2.40574209e-004	5.67649621e-003	5.67649621e-003	0.00000000e+000	
2.43869746e-004	5.67609249e-003	5.67609249e-003	0.00000000e+000	
2.47165283e-004	5.67568877e-003	5.67568877e-003	0.00000000e+000	
2.50460820e-004	5.67528505e-003	5.67528505e-003	0.00000000e+000	
2.53756357e-004	5.67488132e-003	5.67488132e-003	0.00000000e+000	
2.57051894e-004	5.67447760e-003	5.67447760e-003	0.00000000e+000	
2.60347431e-004	5.67407388e-003	5.67407388e-003	0.00000000e+000	
2.63642968e-004	5.67367016e-003	5.67367016e-003	0.00000000e+000	
2.66938506e-004	5.67326643e-003	5.67326643e-003	0.00000000e+000	
2.70234043e-004	5.67286271e-003	5.67286271e-003	0.00000000e+000	
2.73529580e-004	5.67245899e-003	5.67245899e-003	0.00000000e+000	
2.76825117e-004	5.67205527e-003	5.67205527e-003	0.00000000e+000	
2.80120654e-004	5.67165154e-003	5.67165154e-003	0.00000000e+000	
2.83416191e-004	5.67124782e-003	5.67124782e-003	0.00000000e+000	
2.86711728e-004	5.67084410e-003	5.67084410e-003	0.00000000e+000	
2.90007265e-004	5.67044038e-003	5.67044038e-003	0.00000000e+000	
2.93302802e-004	5.67003665e-003	5.67003665e-003	0.00000000e+000	
2.96598340e-004	5.66963293e-003	5.66963293e-003	0.00000000e+000	
2.99893877e-004	5.66922921e-003	5.66922921e-003	0.00000000e+000	
3.03189414e-004	5.66882549e-003	5.66882549e-003	0.00000000e+000	
3.06484951e-004	5.66842176e-003	5.66842176e-003	0.00000000e+000	
3.09780488e-004	5.66801804e-003	5.66801804e-003	0.00000000e+000	
3.13076025e-004	5.66761432e-003	5.66761432e-003	0.00000000e+000	
3.16371562e-004	5.66721060e-003	5.66721060e-003	0.00000000e+000	
3.19667099e-004	5.66680687e-003	5.66680687e-003	0.00000000e+000	
3.22962636e-004	5.66640315e-003	5.66640315e-003	0.00000000e+000	
3.26258173e-004	5.66599943e-003	5.66599943e-003	0.00000000e+000	
3.29553711e-004	5.66559571e-003	5.66559571e-003	0.00000000e+000	
3.32849248e-004	5.66519198e-003	5.66519198e-003	0.00000000e+000	
3.36144785e-004	5.66478826e-003	5.66478826e-003	0.00000000e+000	
3.39440322e-004	5.66438454e-003	5.66438454e-003	0.00000000e+000	
3.42735859e-004	5.66398082e-003	5.66398082e-003	0.00000000e+000	
3.46031396e-004	5.66357709e-003	5.66357709e-003	0.00000000e+000	
3.49326933e-004	5.66317337e-003	5.66317337e-003	0.00000000e+000	
3.52622470e-004	5.66276965e-003	5.66276965e-003	0.00000000e+000	
3.55918007e-004	5.66236593e-003	5.66236593e-003	0.00000000e+000	
3.59213545e-004	5.66196220e-003	5.66196220e-003	0.00000000e+000	
3.62509082e-004	5.66155848e-003	5.66155848e-003	0.00000000e+000	
3.65804619e-004	5.66115476e-003	5.66115476e-003	0.00000000e+000	
3.69100156e-004	5.66075104e-003	5.66075104e-003	0.00000000e+000	
3.72395693e-004	5.66034731e-003	5.66034731e-003	0.00000000e+000	
3.75691230e-004	5.65994359e-003	5.65994359e-003	0.00000000e+000	
3.78986767e-004	5.65953987e-003	5.65953987e-003	0.00000000e+000	
3.82282304e-004	5.65913615e-003	5.65913615e-003	0.00000000e+000	
3.85577841e-004	5.65873242e-003	5.65873242e-003	0.00000000e+000	
3.88873378e-004	5.65852785e-003	5.65852785e-003	0.00000000e+000	
3.92168916e-004	5.65833831e-003	5.65833831e-003	0.00000000e+000	
3.95464453e-004	5.65814877e-003	5.65814877e-003	0.00000000e+000	
3.98759990e-004	5.65795923e-003	5.65795923e-003	0.00000000e+000	
4.02055527e-004	5.65776970e-003	5.65776970e-003	0.00000000e+000	
4.05351064e-004	5.65758016e-003	5.65758016e-003	0.00000000e+000	
4.08646601e-004	5.65739062e-003	5.65739062e-003	0.00000000e+000	
4.11942138e-004	5.65720108e-003	5.65720108e-003	0.00000000e+000	
4.15237675e-004	5.65701154e-003	5.65701154e-003	0.00000000e+000	
4.18533212e-004	5.65682200e-003	5.65682200e-003	0.00000000e+000	
4.21828750e-004	5.65663246e-003	5.65663246e-003	0.00000000e+000	
4.25124287e-004	5.65644292e-003	5.65644292e-003	0.00000000e+000	
4.28419824e-004	5.65625338e-003	5.65625338e-003	0.00000000e+000	
4.31715361e-004	5.65606384e-003	5.65606384e-003	0.00000000e+000	
4.35010898e-004	5.65587431e-003	5.65587431e-003	0.00000000e+000	
4.38306435e-004	5.65568477e-003	5.65568477e-003	0.00000000e+000	
4.41601972e-004	5.65549523e-003	5.65549523e-003	0.00000000e+000	
4.44897509e-004	5.65530569e-003	5.65530569e-003	0.00000000e+000	
4.48193046e-004	5.65511615e-003	5.65511615e-003	0.00000000e+000	
4.51488583e-004	5.65492661e-003	5.65492661e-003	0.00000000e+000	
4.54784121e-004	5.65473707e-003	5.65473707e-003	0.00000000e+000	
4.58079658e-004	5.65454753e-003	5.65454753e-003	0.00000000e+000	
4.61375195e-004	5.65435799e-003	5.65435799e-003	0.00000000e+000	
4.64670732e-004	5.65416845e-003	5.65416845e-003	0.00000000e+000	
4.67966269e-004	5.65397892e-003	5.65397892e-003	0.00000000e+000	
4.71261806e-004	5.65382823e-003	5.65382823e-003	0.00000000e+000	
4.74557343e-004	5.65367981e-003	5.65367981e-003	0.00000000e+000	
4.77852880e-004	5.65353138e-003	5.65353138e-003	0.00000000e+000	
4.81148417e-004	5.65338295e-003	5.65338295e-003	0.00000000e+000	
4.84443955e-004	5.65323452e-003	5.65323452e-003	0.00000000e+000	
4.87739492e-004	5.65308609e-003	5.65308609e-003	0.00000000e+000	
4.91035029e-004	5.65293766e-003	5.65293766e-003	0.00000000e+000	
4.94330566e-004	5.65278924e-003	5.65278924e-003	0.00000000e+000	
4.97626103e-004	5.65264081e-003	5.65264081e-003	0.00000000e+000	
5.00921640e-004	5.65249238e-003	5.65249238e-003	0.00000000e+000	
5.04217177e-004	5.65234395e-003	5.65234395e-003	0.00000000e+000	
5.07512714e-004	5.65219552e-003	5.65219552e-003	0.00000000e+000	
5.10808251e-004	5.65204710e-003	5.65204710e-003	0.00000000e+000	
5.14103788e-004	5.65189867e-003	5.65189867e-003	0.00000000e+000	
5.17399326e-004	5.65175024e-003	5.65175024e-003	0.00000000e+000	
5.20694863e-004	5.65160181e-003	5.65160181e-003	0.00000000e+000	
5.23990400e-004	5.65145338e-003	5.65145338e-003	0.00000000e+000	
5.27285937e-004	5.65130495e-003	5.65130495e-003	0.00000000e+000	
5.30581474e-004	5.65115653e-003	5.65115653e-003	0.00000000e+000	
5.33877011e-004	5.65100810e-003	5.65100810e-003	0.00000000e+000	
5.37172548e-004	5.65085967e-003	5.65085967e-003	0.00000000e+000	
5.40468085e-004	5.65071124e-003	5.65071124e-003	0.00000000e+000	
5.43763622e-004	5.65056281e-003	5.65056281e-003	0.00000000e+000	
5.47059160e-004	5.65041438e-003	5.65041438e-003	0.00000000e+000	
5.50354697e-004	5.65026596e-003	5.65026596e-003	0.00000000e+000	
5.53650234e-004	5.65011753e-003	5.65011753e-003	0.00000000e+000	
5.56945771e-004	5.64996910e-003	5.64996910e-003	0.00000000e+000	
5.60241308e-004	5.64982067e-003	5.64982067e-003	0.00000000e+000	
5.63536845e-004	5.64967224e-003	5.64967224e-003	0.00000000e+000	
5.66832382e-004	5.64952382e-003	5.64952382e-003	0.00000000e+000	
5.70127919e-004	5.64937539e-003	5.64937539e-003	0.00000000e+000	
5.73423456e-004	5.64922696e-003	5.64922696e-003	0.00000000e+000	
5.76718993e-004	5.64907853e-003	5.64907853e-003	0.00000000e+000	
5.80014531e-004	5.64893010e-003	5.64893010e-003	0.00000000e+000	
5.83310068e-004	5.64878167e-003	5.64878167e-003	0.00000000e+000	
5.86605605e-004	5.64863325e-003	5.64863325e-003	0.00000000e+000	
5.89901142e-004	5.64848482e-003	5.64848482e-003	0.00000000e+000	
5.93196679e-004	5.64833639e-003	5.64833639e-003	0.00000000e+000	
5.96492216e-004	5.64818796e-003	5.64818796e-003	0.00000000e+000	
5.99787753e-004	5.64803953e-003	5.64803953e-003	0.00000000e+000	
6.03083290e-004	5.64789110e-003	5.64789110e-003	0.00000000e+000	
6.06378827e-004	5.64774268e-003	5.64774268e-003	0.00000000e+000	
6.09674365e-004	5.64759425e-003	5.64759425e-003	0.00000000e+000	
6.12969902e-004	5.64744582e-003	5.64744582e-003	0.00000000e+000	
6.16265439e-004	5.64729739e-003	5.64729739e-003	0.00000000e+000	
6.19560976e-004	5.64714896e-003	5.64714896e-003	0.00000000e+000	
6.22856513e-004	5.64700054e-003	5.64700054e-003	0.00000000e+000	
6.26152050e-004	5.64685211e-003	5.64685211e-003	0.00000000e+000	
6.29447587e-004	5.64670368e-003	5.64670368e-003	0.00000000e+000	
6.32743124e-004	5.64655525e-003	5.64655525e-003	0.00000000e+000	
6.36038661e-004	5.64640682e-003	5.64640682e-003	0.00000000e+000	
6.39334199e-004	5.64625839e-003	5.64625839e-003	0.00000000e+000	
6.42629736e-004	5.64610997e-003	5.64610997e-003	0.00000000e+000	
6.45925273e-004	5.64596154e-003	5.64596154e-003	0.00000000e+000	
6.49220810e-004	5.64581311e-003	5.64581311e-003	0.00000000e+000	
6.52516347e-004	5.64566468e-003	5.64566468e-003	0.00000000e+000	
6.55811884e-004	5.64551625e-003	5.64551625e-003	0.00000000e+000	
6.59107421e-004	5.64536782e-003	5.64536782e-003	0.00000000e+000	
6.62402958e-004	5.64521940e-003	5.64521940e-003	0.00000000e+000	
6.65698495e-004	5.64507097e-003	5.64507097e-003	0.00000000e+000	
6.68994032e-004	5.64492254e-003	5.64492254e-003	0.00000000e+000	
6.72289570e-004	5.64477411e-003	5.64477411e-003	0.00000000e+000	
6.75585107e-004	5.64462568e-003	5.64462568e-003	0.00000000e+000	
6.78880644e-004	5.64447725e-003	5.64447725e-003	0.00000000e+000	
6.82176181e-004	5.64432883e-003	5.64432883e-003	0.00000000e+000	
6.85471718e-004	5.64405059e-003	5.64405059e-003	0.00000000e+000	
6.88767255e-004	5.64376829e-003	5.64376829e-003	0.00000000e+000	
6.92062792e-004	5.64348599e-003	5.64348599e-003	0.00000000e+000	
6.95358329e-004	5.64320368e-003	5.64320368e-003	0.00000000e+000	
6.98653866e-004	5.64292138e-003	5.64292138e-003	0.00000000e+000	
7.01949404e-004	5.64263907e-003	5.64263907e-003	0.00000000e+000	
7.05244941e-004	5.64235677e-003	5.64235677e-003	0.00000000e+000	
7.08540478e-004	5.64207446e-003	5.64207446e-003	0.00000000e+000	
7.11836015e-004	5.64179216e-003	5.64179216e-003	0.00000000e+000	
7.15131552e-004	5.64150986e-003	5.64150986e-003	0.00000000e+000	
7.18427089e-004	5.64122755e-003	5.64122755e-003	0.00000000e+000	
7.21722626e-004	5.64094525e-003	5.64094525e-003	0.00000000e+000	
7.25018163e-004	5.64066294e-003	5.64066294e-003	0.00000000e+000	
7.28313700e-004	5.64038064e-003	5.64038064e-003	0.00000000e+000	
7.31609237e-004	5.64009833e-003	5.64009833e-003	0.00000000e+000	
7.34904775e-004	5.63981603e-003	5.63981603e-003	0.00000000e+000	
7.38200312e-004	5.63953373e-003	5.63953373e-003	0.00000000e+000	
7.41495849e-004	5.63925142e-003	5.63925142e-003	0.00000000e+000	
7.44791386e-004	5.63896912e-003	5.63896912e-003	0.00000000e+000	
7.48086923e-004	5.63868681e-003	5.63868681e-003	0.00000000e+000	
7.51382460e-004	5.63840451e-003	5.63840451e-003	0.00000000e+000	
7.54677997e-004	5.63812221e-003	5.63812221e-003	0.00000000e+000	
7.57973534e-004	5.63783990e-003	5.63783990e-003	0.00000000e+000	
7.61269071e-004	5.63755760e-003	5.63755760e-003	0.00000000e+000	
7.64564609e-004	5.63727529e-003	5.63727529e-003	0.00000000e+000	
7.67860146e-004	5.63699299e-003	5.63699299e-003	0.00000000e+000	
7.71155683e-004	5.63671068e-003	5.63671068e-003	0.00000000e+000	
7.74451220e-004	5.63642838e-003	5.63642838e-003	0.00000000e+000	
7.77746757e-004	5.63614608e-003	5.63614608e-003	0.00000000e+000	
7.81042294e-004	5.63586377e-003	5.63586377e-003	0.00000000e+000	
7.84337831e-004	5.63558147e-003	5.63558147e-003	0.00000000e+000	
7.87633368e-004	5.63522470e-003	5.63522470e-003	0.00000000e+000	
7.90928905e-004	5.63472526e-003	5.63472526e-003	0.00000000e+000	
7.94224442e-004	5.63422581e-003	5.63422581e-003	0.00000000e+000	
7.97519980e-004	5.63372636e-003	5.63372636e-003	0.00000000e+000	
8.00815517e-004	5.63322691e-003	5.63322691e-003	0.00000000e+000	
8.04111054e-004	5.63272746e-003	5.63272746e-003	0.00000000e+000	
8.07406591e-004	5.63222802e-003	5.63222802e-003	0.00000000e+000	
8.10702128e-004	5.63172857e-003	5.63172857e-003	0.00000000e+000	
8.13997665e-004	5.63122912e-003	5.63122912e-003	0.00000000e+000	
8.17293202e-004	5.63072967e-003	5.63072967e-003	0.00000000e+000	
8.20588739e-004	5.63023022e-003	5.63023022e-003	0.00000000e+000	
8.23884276e-004	5.62973078e-003	5.62973078e-003	0.00000000e+000	
8.27179814e-004	5.62923133e-003	5.62923133e-003	0.00000000e+000	
8.30475351e-004	5.62873188e-003	5.62873188e-003	0.00000000e+000	
8.33770888e-004	5.62823243e-003	5.62823243e-003	0.00000000e+000	
8.37066425e-004	5.62773298e-003	5.62773298e-003	0.00000000e+000	
8.40361962e-004	5.62723354e-003	5.62723354e-003	0.00000000e+000	
8.43657499e-004	5.62673409e-003	5.62673409e-003	0.00000000e+000	
8.46953036e-004	5.62623464e-003	5.62623464e-003	0.00000000e+000	
8.50248573e-004	5.62573519e-003	5.62573519e-003	0.00000000e+000	
8.53544110e-004	5.62523574e-003	5.62523574e-003	0.00000000e+000	
8.56839647e-004	5.62473630e-003	5.62473630e-003	0.00000000e+000	
8.60135185e-004	5.62423685e-003	5.62423685e-003	0.00000000e+000	
8.63430722e-004	5.62373740e-003	5.62373740e-003	0.00000000e+000	
8.66726259e-004	5.62323795e-003	5.62323795e-003	0.00000000e+000	
8.70021796e-004	5.62273850e-003	5.62273850e-003	0.00000000e+000	
8.73317333e-004	5.62223906e-003	5.62223906e-003	0.00000000e+000	
8.76612870e-004	5.62173961e-003	5.62173961e-003	0.00000000e+000	
8.79908407e-004	5.62124016e-003	5.62124016e-003	0.00000000e+000	
8.83203944e-004	5.62074071e-003	5.62074071e-003	0.00000000e+000	
8.86499481e-004	5.62024126e-003	5.62024126e-003	0.00000000e+000	
8.89795019e-004	5.61974182e-003	5.61974182e-003	0.00000000e+000	
8.93090556e-004	5.61924237e-003	5.61924237e-003	0.00000000e+000	
8.96386093e-004	5.61874292e-003	5.61874292e-003	0.00000000e+000	
8.99681630e-004	5.61824347e-003	5.61824347e-003	0.00000000e+000	
9.02977167e-004	5.61774402e-003	5.61774402e-003	0.00000000e+000	
9.06272704e-004	5.61724458e-003	5.61724458e-003	0.00000000e+000	
9.09568241e-004	5.61674513e-003	5.61674513e-003	0.00000000e+000	
9.12863778e-004	5.61624568e-003	5.61624568e-003	0.00000000e+000	
9.16159315e-004	5.61574623e-003	5.61574623e-003	0.00000000e+000	
9.19454852e-004	5.61524678e-003	5.61524678e-003	0.00000000e+000	
9.22750390e-004	5.61474733e-003	5.61474733e-003	0.00000000e+000	
9.26045927e-004	5.61424789e-003	5.61424789e-003	0.00000000e+000	
9.29341464e-004	5.61374844e-003	5.61374844e-003	0.00000000e+000	
9.32637001e-004	5.61324899e-003	5.61324899e-003	0.00000000e+000	
9.35932538e-004	5.61274954e-003	5.61274954e-003	0.00000000e+000	
9.39228075e-004	5.61225009e-003	5.61225009e-003	0.00000000e+000	
9.42523612e-004	5.61175065e-003	5.61175065e-003	0.00000000e+000	
9.45819149e-004	5.61125120e-003	5.61125120e-003	0.00000000e+000	
9.49114686e-004	5.61075175e-003	5.61075175e-003	0.00000000e+000	
9.52410224e-004	5.61025230e-003	5.61025230e-003	0.00000000e+000	
9.55705761e-004	5.60975285e-003	5.60975285e-003	0.00000000e+000	
9.59001298e-004	5.60925341e-003	5.60925341e-003	0.00000000e+000	
9.62296835e-004	5.60875396e-003	5.60875396e-003	0.00000000e+000	
9.65592372e-004	5.60825451e-003	5.60825451e-003	0.00000000e+000	
9.68887909e-004	5.60775506e-003	5.60775506e-003	0.00000000e+000	
9.72183446e-004	5.60725561e-003	5.60725561e-003	0.00000000e+000	
9.75478983e-004	5.60675617e-003	5.60675617e-003	0.00000000e+000	
9.78774520e-004	5.60625672e-003	5.60625672e-003	0.00000000e+000	
9.82070057e-004	5.60575727e-003	5.60575727e-003	0.00000000e+000	
9.85365595e-004	5.60525782e-003	5.60525782e-003	0.00000000e+000	
9.88661132e-004	5.60475837e-003	5.60475837e-003	0.00000000e+000	
9.91956669e-004	5.60425893e-003	5.60425893e-003	0.00000000e+000	
9.95252206e-004	5.60375948e-003	5.60375948e-003	0.00000000e+000	
9.98547743e-004	5.60326003e-003	5.60326003e-003	0.00000000e+000	
1.00184328e-003	5.60276058e-003	5.60276058e-003	0.00000000e+000	
1.00513882e-003	5.60226113e-003	5.60226113e-003	0.00000000e+000	
1.00843435e-003	5.60176169e-003	5.60176169e-003	0.00000000e+000	
1.01172989e-003	5.60126224e-003	5.60126224e-003	0.00000000e+000	
1.01502543e-003	5.60076279e-003	5.60076279e-003	0.00000000e+000	
1.01832097e-003	5.60026334e-003	5.60026334e-003	0.00000000e+000	
1.02161650e-003	5.59976389e-003	5.59976389e-003	0.00000000e+000	
1.02491204e-003	5.59926445e-003	5.59926445e-003	0.00000000e+000	
1.02820758e-003	5.59876500e-003	5.59876500e-003	0.00000000e+000	
1.03150311e-003	5.59826555e-003	5.59826555e-003	0.00000000e+000	
1.03479865e-003	5.59776610e-003	5.59776610e-003	0.00000000e+000	
1.03809419e-003	5.59726665e-003	5.59726665e-003	0.00000000e+000	
1.04138973e-003	5.59676721e-003	5.59676721e-003	0.00000000e+000	
1.04468526e-003	5.59626776e-003	5.59626776e-003	0.00000000e+000	
1.04798080e-003	5.59576831e-003	5.59576831e-003	0.00000000e+000	
1.05127634e-003	5.59526886e-003	5.59526886e-003	0.00000000e+000	
1.05457187e-003	5.59476941e-003	5.59476941e-003	0.00000000e+000	
1.05786741e-003	5.59426997e-003	5.59426997e-003	0.00000000e+000	
1.06116295e-003	5.59377052e-003	5.59377052e-003	0.00000000e+000	
1.06445849e-003	5.59327107e-003	5.59327107e-003	0.00000000e+000	
1.06775402e-003	5.59277162e-003	5.59277162e-003	0.00000000e+000	
1.07104956e-003	5.59227217e-003	5.59227217e-003	0.00000000e+000	
1.07434510e-003	5.59177273e-003	5.59177273e-003	0.00000000e+000	
1.07764063e-003	5.59127328e-003	5.59127328e-003	0.00000000e+000	
1.08093617e-003	5.59077383e-003	5.59077383e-003	0.00000000e+000	
1.08423171e-003	5.59027438e-003	5.59027438e-003	0.00000000e+000	
1.08752724e-003	5.58977493e-003	5.58977493e-003	0.00000000e+000	
1.09082278e-003	5.58927549e-003	5.58927549e-003	0.00000000e+000	
1.09411832e-003	5.58877604e-003	5.58877604e-003	0.00000000e+000	
1.09741386e-003	5.58827659e-003	5.58827659e-003	0.00000000e+000	
1.10070939e-003	5.58777714e-003	5.58777714e-003	0.00000000e+000	
1.10400493e-003	5.58727769e-003	5.58727769e-003	0.00000000e+000	
1.10730047e-003	5.58677824e-003	5.58677824e-003	0.00000000e+000	
1.11059600e-003	5.58627880e-003	5.58627880e-003	0.00000000e+000	
1.11389154e-003	5.58577935e-003	5.58577935e-003	0.00000000e+000	
1.11718708e-003	5.58527990e-003	5.58527990e-003	0.00000000e+000	
1.12048262e-003	5.58478045e-003	5.58478045e-003	0.00000000e+000	
1.12377815e-003	5.58428100e-003	5.58428100e-003	0.00000000e+000	
1.12707369e-003	5.58378156e-003	5.58378156e-003	0.00000000e+000	
1.13036923e-003	5.58328211e-003	5.58328211e-003	0.00000000e+000	
1.13366476e-003	5.58278266e-003	5.58278266e-003	0.00000000e+000	
1.13696030e-003	5.58228321e-003	5.58228321e-003	0.00000000e+000	
1.14025584e-003	5.58178376e-003	5.58178376e-003	0.00000000e+000	
1.14355138e-003	5.58128432e-003	5.58128432e-003	0.00000000e+000	
1.14684691e-003	5.58078487e-003	5.58078487e-003	0.00000000e+000	
1.15014245e-003	5.58028542e-003	5.58028542e-003	0.00000000e+000	
1.15343799e-003	5.57978597e-003	5.57978597e-003	0.00000000e+000	
1.15673352e-003	5.57928652e-003	5.57928652e-003	0.00000000e+000	
1.16002906e-003	5.57878708e-003	5.57878708e-003	0.00000000e+000	
1.16332460e-003	5.57828763e-003	5.57828763e-003	0.00000000e+000	
1.16662014e-003	5.57778818e-003	5.57778818e-003	0.00000000e+000	
1.16991567e-003	5.57728873e-003	5.57728873e-003	0.00000000e+000	
1.17321121e-003	5.57678928e-003	5.57678928e-003	0.00000000e+000	
1.17650675e-003	5.57628984e-003	5.57628984e-003	0.00000000e+000	
1.17980228e-003	5.57579039e-003	5.57579039e-003	0.00000000e+000	
1.18309782e-003	5.57529094e-003	5.57529094e-003	0.00000000e+000	
1.18639336e-003	5.57479149e-003	5.57479149e-003	0.00000000e+000	
1.18968890e-003	5.57429204e-003	5.57429204e-003	0.00000000e+000	
1.19298443e-003	5.57379260e-003	5.57379260e-003	0.00000000e+000	
1.19627997e-003	5.57329315e-003	5.57329315e-003	0.00000000e+000	
1.19957551e-003	5.57279370e-003	5.57279370e-003	0.00000000e+000	
1.20287104e-003	5.57229425e-003	5.57229425e-003	0.00000000e+000	
1.20616658e-003	5.57179480e-003	5.57179480e-003	0.00000000e+000	
1.20946212e-003	5.57129536e-003	5.57129536e-003	0.00000000e+000	
1.21275765e-003	5.57079591e-003	5.57079591e-003	0.00000000e+000	
1.21605319e-003	5.57029646e-003	5.57029646e-003	0.00000000e+000	
1.21934873e-003	5.56979701e-003	5.56979701e-003	0.00000000e+000	
1.22264427e-003	5.56929756e-003	5.56929756e-003	0.00000000e+000	
1.22593980e-003	5.56879812e-003	5.56879812e-003	0.00000000e+000	
1.22923534e-003	5.56829867e-003	5.56829867e-003	0.00000000e+000	
1.23253088e-003	5.56779922e-003	5.56779922e-003	0.00000000e+000	
1.23582641e-003	5.56729977e-003	5.56729977e-003	0.00000000e+000	
1.23912195e-003	5.56680032e-003	5.56680032e-003	0.00000000e+000	
1.24241749e-003	5.56630088e-003	5.56630088e-003	0.00000000e+000	
1.24571303e-003	5.56580143e-003	5.56580143e-003	0.00000000e+000	
1.24900856e-003	5.56530198e-003	5.56530198e-003	0.00000000e+000	
1.25230410e-003	5.56483021e-003	5.56483021e-003	0.00000000e+000	
1.25559964e-003	5.56447190e-003	5.56447190e-003	0.00000000e+000	
1.25889517e-003	5.56411359e-003	5.56411359e-003	0.00000000e+000	
1.26219071e-003	5.56375528e-003	5.56375528e-003	0.00000000e+000	
1.26548625e-003	5.56339697e-003	5.56339697e-003	0.00000000e+000	
1.26878179e-003	5.56303866e-003	5.56303866e-003	0.00000000e+000	
1.27207732e-003	5.56268034e-003	5.56268034e-003	0.00000000e+000	
1.27537286e-003	5.56232203e-003	5.56232203e-003	0.00000000e+000	
1.27866840e-003	5.56196372e-003	5.56196372e-003	0.00000000e+000	
1.28196393e-003	5.56160541e-003	5.56160541e-003	0.00000000e+000	
1.28525947e-003	5.56124710e-003	5.56124710e-003	0.00000000e+000	
1.28855501e-003	5.56088879e-003	5.56088879e-003	0.00000000e+000	
1.29185055e-003	5.56053048e-003	5.56053048e-003	0.00000000e+000	
1.29514608e-003	5.56017217e-003	5.56017217e-003	0.00000000e+000	
1.29844162e-003	5.55981386e-003	5.55981386e-003	0.00000000e+000	
1.30173716e-003	5.55945555e-003	5.55945555e-003	0.00000000e+000	
1.30503269e-003	5.55909724e-003	5.55909724e-003	0.00000000e+000	
1.30832823e-003	5.55861843e-003	5.55861843e-003	0.00000000e+000	
1.31162377e-003	5.55812323e-003	5.55812323e-003	0.00000000e+000	
1.31491931e-003	5.55762804e-003	5.55762804e-003	0.00000000e+000	
1.31821484e-003	5.55713284e-003	5.55713284e-003	0.00000000e+000	
1.32151038e-003	5.55663765e-003	5.55663765e-003	0.00000000e+000	
1.32480592e-003	5.55614246e-003	5.55614246e-003	0.00000000e+000	
1.32810145e-003	5.55564726e-003	5.55564726e-003	0.00000000e+000	
1.33139699e-003	5.55515207e-003	5.55515207e-003	0.00000000e+000	
1.33469253e-003	5.55465688e-003	5.55465688e-003	0.00000000e+000	
1.33798806e-003	5.55416168e-003	5.55416168e-003	0.00000000e+000	
1.34128360e-003	5.55366649e-003	5.55366649e-003	0.00000000e+000	
1.34457914e-003	5.55317129e-003	5.55317129e-003	0.00000000e+000	
1.34787468e-003	5.55267610e-003	5.55267610e-003	0.00000000e+000	
1.35117021e-003	5.55218091e-003	5.55218091e-003	0.00000000e+000	
1.35446575e-003	5.55168571e-003	5.55168571e-003	0.00000000e+000	
1.35776129e-003	5.55119052e-003	5.55119052e-003	0.00000000e+000	
1.36105682e-003	5.55069533e-003	5.55069533e-003	0.00000000e+000	
1.36435236e-003	5.55015332e-003	5.55015332e-003	0.00000000e+000	
1.36764790e-003	5.54961065e-003	5.54961065e-003	0.00000000e+000	
1.37094344e-003	5.54906797e-003	5.54906797e-003	0.00000000e+000	
1.37423897e-003	5.54852529e-003	5.54852529e-003	0.00000000e+000	
1.37753451e-003	5.54798262e-003	5.54798262e-003	0.00000000e+000	
1.38083005e-003	5.54743994e-003	5.54743994e-003	0.00000000e+000	
1.38412558e-003	5.54689726e-003	5.54689726e-003	0.00000000e+000	
1.38742112e-003	5.54635459e-003	5.54635459e-003	0.00000000e+000	
1.39071666e-003	5.54581191e-003	5.54581191e-003	0.00000000e+000	
1.39401220e-003	5.54526923e-003	5.54526923e-003	0.00000000e+000	
1.39730773e-003	5.54472656e-003	5.54472656e-003	0.00000000e+000	
1.40060327e-003	5.54418388e-003	5.54418388e-003	0.00000000e+000	
1.40389881e-003	5.54364121e-003	5.54364121e-003	0.00000000e+000	
1.40719434e-003	5.54309853e-003	5.54309853e-003	0.00000000e+000	
1.41048988e-003	5.54255585e-003	5.54255585e-003	0.00000000e+000	
1.41378542e-003	5.54201318e-003	5.54201318e-003	0.00000000e+000	
1.41708096e-003	5.54147050e-003	5.54147050e-003	0.00000000e+000	
1.42037649e-003	5.54092782e-003	5.54092782e-003	0.00000000e+000	
1.42367203e-003	5.54038515e-003	5.54038515e-003	0.00000000e+000	
1.42696757e-003	5.53984247e-003	5.53984247e-003	0.00000000e+000	
1.43026310e-003	5.53929979e-003	5.53929979e-003	0.00000000e+000	
1.43355864e-003	5.53875712e-003	5.53875712e-003	0.00000000e+000	
1.43685418e-003	5.53821444e-003	5.53821444e-003	0.00000000e+000	
1.44014972e-003	5.53767177e-003	5.53767177e-003	0.00000000e+000	
1.44344525e-003	5.53712909e-003	5.53712909e-003	0.00000000e+000	
1.44674079e-003	5.53658641e-003	5.53658641e-003	0.00000000e+000	
1.45003633e-003	5.53604374e-003	5.53604374e-003	0.00000000e+000	
1.45333186e-003	5.53550106e-003	5.53550106e-003	0.00000000e+000	
1.45662740e-003	5.53495838e-003	5.53495838e-003	0.00000000e+000	
1.45992294e-003	5.53441571e-003	5.53441571e-003	0.00000000e+000	
1.46321847e-003	5.53387303e-003	5.53387303e-003	0.00000000e+000	
1.46651401e-003	5.53333036e-003	5.53333036e-003	0.00000000e+000	
1.46980955e-003	5.53278768e-003	5.53278768e-003	0.00000000e+000	
1.47310509e-003	5.53224500e-003	5.53224500e-003	0.00000000e+000	
1.47640062e-003	5.53170233e-003	5.53170233e-003	0.00000000e+000	
1.47969616e-003	5.53115965e-003	5.53115965e-003	0.00000000e+000	
1.48299170e-003	5.53061697e-003	5.53061697e-003	0.00000000e+000	
1.48628723e-003	5.53007430e-003	5.53007430e-003	0.00000000e+000	
1.48958277e-003	5.52953162e-003	5.52953162e-003	0.00000000e+000	
1.49287831e-003	5.52898894e-003	5.52898894e-003	0.00000000e+000	
1.49617385e-003	5.52844627e-003	5.52844627e-003	0.00000000e+000	
1.49946938e-003	5.52790359e-003	5.52790359e-003	0.00000000e+000	
1.50276492e-003	5.52736092e-003	5.52736092e-003	0.00000000e+000	
1.50606046e-003	5.52681824e-003	5.52681824e-003	0.00000000e+000	
1.50935599e-003	5.52627556e-003	5.52627556e-003	0.00000000e+000	
1.51265153e-003	5.52573289e-003	5.52573289e-003	0.00000000e+000	
1.51594707e-003	5.52519021e-003	5.52519021e-003	0.00000000e+000	
1.51924261e-003	5.52464753e-003	5.52464753e-003	0.00000000e+000	
1.52253814e-003	5.52410486e-003	5.52410486e-003	0.00000000e+000	
1.52583368e-003	5.52356218e-003	5.52356218e-003	0.00000000e+000	
1.52912922e-003	5.52301951e-003	5.52301951e-003	0.00000000e+000	
1.53242475e-003	5.52247683e-003	5.52247683e-003	0.00000000e+000	
1.53572029e-003	5.52193415e-003	5.52193415e-003	0.00000000e+000	
1.53901583e-003	5.52139148e-003	5.52139148e-003	0.00000000e+000	
1.54231137e-003	5.52084880e-003	5.52084880e-003	0.00000000e+000	
1.54560690e-003	5.52030612e-003	5.52030612e-003	0.00000000e+000	
1.54890244e-003	5.51976345e-003	5.51976345e-003	0.00000000e+000	
1.55219798e-003	5.51922077e-003	5.51922077e-003	0.00000000e+000	
1.55549351e-003	5.51867809e-003	5.51867809e-003	0.00000000e+000	
1.55878905e-003	5.51813542e-003	5.51813542e-003	0.00000000e+000	
1.56208459e-003	5.51759274e-003	5.51759274e-003	0.00000000e+000	
1.56538013e-003	5.51705007e-003	5.51705007e-003	0.00000000e+000	
1.56867566e-003	5.51650739e-003	5.51650739e-003	0.00000000e+000	
1.57197120e-003	5.51596471e-003	5.51596471e-003	0.00000000e+000	
1.57526674e-003	5.51542204e-003	5.51542204e-003	0.00000000e+000	
1.57856227e-003	5.51487936e-003	5.51487936e-003	0.00000000e+000	
1.58185781e-003	5.51433668e-003	5.51433668e-003	0.00000000e+000	
1.58515335e-003	5.51379401e-003	5.51379401e-003	0.00000000e+000	
1.58844888e-003	5.51325133e-003	5.51325133e-003	0.00000000e+000	
1.59174442e-003	5.51270865e-003	5.51270865e-003	0.00000000e+000	
1.59503996e-003	5.51216598e-003	5.51216598e-003	0.00000000e+000	
1.59833550e-003	5.51162330e-003	5.51162330e-003	0.00000000e+000	
1.60163103e-003	5.51108063e-003	5.51108063e-003	0.00000000e+000	
1.60492657e-003	5.51053795e-003	5.51053795e-003	0.00000000e+000	
1.60822211e-003	5.50999527e-003	5.50999527e-003	0.00000000e+000	
1.61151764e-003	5.50945260e-003	5.50945260e-003	0.00000000e+000	
1.61481318e-003	5.50890992e-003	5.50890992e-003	0.00000000e+000	
1.61810872e-003	5.50836724e-003	5.50836724e-003	0.00000000e+000	
1.62140426e-003	5.50782457e-003	5.50782457e-003	0.00000000e+000	
1.62469979e-003	5.50728189e-003	5.50728189e-003	0.00000000e+000	
1.62799533e-003	5.50673922e-003	5.50673922e-003	0.00000000e+000	
1.63129087e-003	5.50619654e-003	5.50619654e-003	0.00000000e+000	
1.63458640e-003	5.50565386e-003	5.50565386e-003	0.00000000e+000	
1.63788194e-003	5.50511119e-003	5.50511119e-003	0.00000000e+000	
1.64117748e-003	5.50456851e-003	5.50456851e-003	0.00000000e+000	
1.64447302e-003	5.50402583e-003	5.50402583e-003	0.00000000e+000	
1.64776855e-003	5.50348316e-003	5.50348316e-003	0.00000000e+000	
1.65106409e-003	5.50294048e-003	5.50294048e-003	0.00000000e+000	
1.65435963e-003	5.50239780e-003	5.50239780e-003	0.00000000e+000	
1.65765516e-003	5.50185513e-003	5.50185513e-003	0.00000000e+000	
1.66095070e-003	5.50131245e-003	5.50131245e-003	0.00000000e+000	
1.66424624e-003	5.50076978e-003	5.50076978e-003	0.00000000e+000	
1.66754178e-003	5.50022710e-003	5.50022710e-003	0.00000000e+000	
1.67083731e-003	5.49968442e-003	5.49968442e-003	0.00000000e+000	
1.67413285e-003	5.49914175e-003	5.49914175e-003	0.00000000e+000	
1.67742839e-003	5.49859907e-003	5.49859907e-003	0.00000000e+000	
1.68072392e-003	5.49805639e-003	5.49805639e-003	0.00000000e+000	
1.68401946e-003	5.49751372e-003	5.49751372e-003	0.00000000e+000	
1.68731500e-003	5.49697104e-003	5.49697104e-003	0.00000000e+000	
1.69061054e-003	5.49642836e-003	5.49642836e-003	0.00000000e+000	
1.69390607e-003	5.49588569e-003	5.49588569e-003	0.00000000e+000	
1.69720161e-003	5.49534301e-003	5.49534301e-003	0.00000000e+000	
1.70049715e-003	5.49480034e-003	5.49480034e-003	0.00000000e+000	
1.70379268e-003	5.49425766e-003	5.49425766e-003	0.00000000e+000	
1.70708822e-003	5.49371498e-003	5.49371498e-003	0.00000000e+000	
1.71038376e-003	5.49317231e-003	5.49317231e-003	0.00000000e+000	
1.71367929e-003	5.49262963e-003	5.49262963e-003	0.00000000e+000	
1.71697483e-003	5.49208695e-003	5.49208695e-003	0.00000000e+000	
1.72027037e-003	5.49154428e-003	5.49154428e-003	0.00000000e+000	
1.72356591e-003	5.49100160e-003	5.49100160e-003	0.00000000e+000	
1.72686144e-003	5.49045893e-003	5.49045893e-003	0.00000000e+000	
1.73015698e-003	5.48991625e-003	5.48991625e-003	0.00000000e+000	
1.73345252e-003	5.48937357e-003	5.48937357e-003	0.00000000e+000	
1.73674805e-003	5.48883090e-003	5.48883090e-003	0.00000000e+000	
1.74004359e-003	5.48828822e-003	5.48828822e-003	0.00000000e+000	
1.74333913e-003	5.48774554e-003	5.48774554e-003	0.00000000e+000	
1.74663467e-003	5.48720287e-003	5.48720287e-003	0.00000000e+000	
1.74993020e-003	5.48666019e-003	5.48666019e-003	0.00000000e+000	
1.75322574e-003	5.48611751e-003	5.48611751e-003	0.00000000e+000	
1.75652128e-003	5.48557484e-003	5.48557484e-003	0.00000000e+000	
1.75981681e-003	5.48503216e-003	5.48503216e-003	0.00000000e+000	
1.76311235e-003	5.48448949e-003	5.48448949e-003	0.00000000e+000	
1.76640789e-003	5.48394681e-003	5.48394681e-003	0.00000000e+000	
1.76970343e-003	5.48340413e-003	5.48340413e-003	0.00000000e+000	
1.77299896e-003	5.48286146e-003	5.48286146e-003	0.00000000e+000	
1.77629450e-003	5.48231878e-003	5.48231878e-003	0.00000000e+000	
1.77959004e-003	5.48177610e-003	5.48177610e-003	0.00000000e+000	
1.78288557e-003	5.48123343e-003	5.48123343e-003	0.00000000e+000	
1.78618111e-003	5.48069075e-003	5.48069075e-003	0.00000000e+000	
1.78947665e-003	5.48014808e-003	5.48014808e-003	0.00000000e+000	
1.79277219e-003	5.47960540e-003	5.47960540e-003	0.00000000e+000	
1.79606772e-003	5.47906272e-003	5.47906272e-003	0.00000000e+000	
1.79936326e-003	5.47852005e-003	5.47852005e-003	0.00000000e+000	
1.80265880e-003	5.47797737e-003	5.47797737e-003	0.00000000e+000	
1.80595433e-003	5.47743469e-003	5.47743469e-003	0.00000000e+000	
1.80924987e-003	5.47689202e-003	5.47689202e-003	0.00000000e+000	
1.81254541e-003	5.47634934e-003	5.47634934e-003	0.00000000e+000	
1.81584095e-003	5.47580666e-003	5.47580666e-003	0.00000000e+000	
1.81913648e-003	5.47526399e-003	5.47526399e-003	0.00000000e+000	
1.82243202e-003	5.47472131e-003	5.47472131e-003	0.00000000e+000	
1.82572756e-003	5.47417864e-003	5.47417864e-003	0.00000000e+000	
1.82902309e-003	5.47363596e-003	5.47363596e-003	0.00000000e+000	
1.83231863e-003	5.47309328e-003	5.47309328e-003	0.00000000e+000	
1.83561417e-003	5.47255061e-003	5.47255061e-003	0.00000000e+000	
1.83890970e-003	5.47200793e-003	5.47200793e-003	0.00000000e+000	
1.84220524e-003	5.47146525e-003	5.47146525e-003	0.00000000e+000	
1.84550078e-003	5.47092258e-003	5.47092258e-003	0.00000000e+000	
1.84879632e-003	5.47037990e-003	5.47037990e-003	0.00000000e+000	
1.85209185e-003	5.46983722e-003	5.46983722e-003	0.00000000e+000	
1.85538739e-003	5.46929455e-003	5.46929455e-003	0.00000000e+000	
1.85868293e-003	5.46875187e-003	5.46875187e-003	0.00000000e+000	
1.86197846e-003	5.46820920e-003	5.46820920e-003	0.00000000e+000	
1.86527400e-003	5.46766652e-003	5.46766652e-003	0.00000000e+000	
1.86856954e-003	5.46712384e-003	5.46712384e-003	0.00000000e+000	
1.87186508e-003	5.46658117e-003	5.46658117e-003	0.00000000e+000	
1.87516061e-003	5.46603849e-003	5.46603849e-003	0.00000000e+000	
1.87845615e-003	5.46549581e-003	5.46549581e-003	0.00000000e+000	
1.88175169e-003	5.46495314e-003	5.46495314e-003	0.00000000e+000	
1.88504722e-003	5.46441046e-003	5.46441046e-003	0.00000000e+000	
1.88834276e-003	5.46375049e-003	5.46375049e-003	0.00000000e+000	
1.89163830e-003	5.46308148e-003	5.46308148e-003	0.00000000e+000	
1.89493384e-003	5.46241247e-003	5.46241247e-003	0.00000000e+000	
1.89822937e-003	5.46174345e-003	5.46174345e-003	0.00000000e+000	
1.90152491e-003	5.46107444e-003	5.46107444e-003	0.00000000e+000	
1.90482045e-003	5.46040543e-003	5.46040543e-003	0.00000000e+000	
1.90811598e-003	5.45973641e-003	5.45973641e-003	0.00000000e+000	
1.91141152e-003	5.45906740e-003	5.45906740e-003	0.00000000e+000	
1.91470706e-003	5.45839839e-003	5.45839839e-003	0.00000000e+000	
1.91800260e-003	5.45772937e-003	5.45772937e-003	0.00000000e+000	
1.92129813e-003	5.45706036e-003	5.45706036e-003	0.00000000e+000	
1.92459367e-003	5.45639134e-003	5.45639134e-003	0.00000000e+000	
1.92788921e-003	5.45572233e-003	5.45572233e-003	0.00000000e+000	
1.93118474e-003	5.45505332e-003	5.45505332e-003	0.00000000e+000	
1.93448028e-003	5.45438430e-003	5.45438430e-003	0.00000000e+000	
1.93777582e-003	5.45371529e-003	5.45371529e-003	0.00000000e+000	
1.94107136e-003	5.45304628e-003	5.45304628e-003	0.00000000e+000	
1.94436689e-003	5.45237726e-003	5.45237726e-003	0.00000000e+000	
1.94766243e-003	5.45170825e-003	5.45170825e-003	0.00000000e+000	
1.95095797e-003	5.45103924e-003	5.45103924e-003	0.00000000e+000	
1.95425350e-003	5.45037022e-003	5.45037022e-003	0.00000000e+000	
1.95754904e-003	5.44970121e-003	5.44970121e-003	0.00000000e+000	
1.96084458e-003	5.44903220e-003	5.44903220e-003	0.00000000e+000	
1.96414011e-003	5.44831904e-003	5.44831904e-003	0.00000000e+000	
1.96743565e-003	5.44760243e-003	5.44760243e-003	0.00000000e+000	
1.97073119e-003	5.44688582e-003	5.44688582e-003	0.00000000e+000	
1.97402673e-003	5.44616921e-003	5.44616921e-003	0.00000000e+000	
1.97732226e-003	5.44545259e-003	5.44545259e-003	0.00000000e+000	
1.98061780e-003	5.44473598e-003	5.44473598e-003	0.00000000e+000	
1.98391334e-003	5.44401937e-003	5.44401937e-003	0.00000000e+000	
1.98720887e-003	5.44330275e-003	5.44330275e-003	0.00000000e+000	
1.99050441e-003	5.44258614e-003	5.44258614e-003	0.00000000e+000	
1.99379995e-003	5.44186953e-003	5.44186953e-003	0.00000000e+000	
1.99709549e-003	5.44115292e-003	5.44115292e-003	0.00000000e+000	
2.00039102e-003	5.44043630e-003	5.44043630e-003	0.00000000e+000	
2.00368656e-003	5.43971969e-003	5.43971969e-003	0.00000000e+000	
2.00698210e-003	5.43900308e-003	5.43900308e-003	0.00000000e+000	
2.01027763e-003	5.43828646e-003	5.43828646e-003	0.00000000e+000	
2.01357317e-003	5.43756985e-003	5.43756985e-003	0.00000000e+000	
2.01686871e-003	5.43685324e-003	5.43685324e-003	0.00000000e+000	
2.02016425e-003	5.43613663e-003	5.43613663e-003	0.00000000e+000	
2.02345978e-003	5.43542001e-003	5.43542001e-003	0.00000000e+000	
2.02675532e-003	5.43470340e-003	5.43470340e-003	0.00000000e+000	
2.03005086e-003	5.43398679e-003	5.43398679e-003	0.00000000e+000	
2.03334639e-003	5.43327017e-003	5.43327017e-003	0.00000000e+000	
2.03664193e-003	5.43255356e-003	5.43255356e-003	0.00000000e+000	
2.03993747e-003	5.43183695e-003	5.43183695e-003	0.00000000e+000	
2.04323301e-003	5.43112034e-003	5.43112034e-003	0.00000000e+000	
2.04652854e-003	5.43040372e-003	5.43040372e-003	0.00000000e+000	
2.04982408e-003	5.42968711e-003	5.42968711e-003	0.00000000e+000	
2.05311962e-003	5.42897050e-003	5.42897050e-003	0.00000000e+000	
2.05641515e-003	5.42825389e-003	5.42825389e-003	0.00000000e+000	
2.05971069e-003	5.42753727e-003	5.42753727e-003	0.00000000e+000	
2.06300623e-003	5.42682066e-003	5.42682066e-003	0.00000000e+000	
2.06630177e-003	5.42610405e-003	5.42610405e-003	0.00000000e+000	
2.06959730e-003	5.42538743e-003	5.42538743e-003	0.00000000e+000	
2.07289284e-003	5.42467082e-003	5.42467082e-003	0.00000000e+000	
2.07618838e-003	5.42395421e-003	5.42395421e-003	0.00000000e+000	
2.07948391e-003	5.42323760e-003	5.42323760e-003	0.00000000e+000	
2.08277945e-003	5.42252098e-003	5.42252098e-003	0.00000000e+000	
2.08607499e-003	5.42180437e-003	5.42180437e-003	0.00000000e+000	
2.08937053e-003	5.42108776e-003	5.42108776e-003	0.00000000e+000	
2.09266606e-003	5.42037114e-003	5.42037114e-003	0.00000000e+000	
2.09596160e-003	5.41965453e-003	5.41965453e-003	0.00000000e+000	
2.09925714e-003	5.41893792e-003	5.41893792e-003	0.00000000e+000	
2.10255267e-003	5.41822131e-003	5.41822131e-003	0.00000000e+000	
2.10584821e-003	5.41750469e-003	5.41750469e-003	0.00000000e+000	
2.10914375e-003	5.41678808e-003	5.41678808e-003	0.00000000e+000	
2.11243928e-003	5.41607147e-003	5.41607147e-003	0.00000000e+000	
2.11573482e-003	5.41535485e-003	5.41535485e-003	0.00000000e+000	
2.11903036e-003	5.41463824e-003	5.41463824e-003	0.00000000e+000	
2.12232590e-003	5.41392163e-003	5.41392163e-003	0.00000000e+000	
2.12562143e-003	5.41320502e-003	5.41320502e-003	0.00000000e+000	
2.12891697e-003	5.41248840e-003	5.41248840e-003	0.00000000e+000	
2.13221251e-003	5.41177179e-003	5.41177179e-003	0.00000000e+000	
2.13550804e-003	5.41105518e-003	5.41105518e-003	0.00000000e+000	
2.13880358e-003	5.41033856e-003	5.41033856e-003	0.00000000e+000	
2.14209912e-003	5.40962195e-003	5.40962195e-003	0.00000000e+000	
2.14539466e-003	5.40890534e-003	5.40890534e-003	0.00000000e+000	
2.14869019e-003	5.40818873e-003	5.40818873e-003	0.00000000e+000	
2.15198573e-003	5.40747211e-003	5.40747211e-003	0.00000000e+000	
2.15528127e-003	5.40675550e-003	5.40675550e-003	0.00000000e+000	
2.15857680e-003	5.40603889e-003	5.40603889e-003	0.00000000e+000	
2.16187234e-003	5.40532227e-003	5.40532227e-003	0.00000000e+000	
2.16516788e-003	5.40460566e-003	5.40460566e-003	0.00000000e+000	
2.16846342e-003	5.40388905e-003	5.40388905e-003	0.00000000e+000	
2.17175895e-003	5.40317244e-003	5.40317244e-003	0.00000000e+000	
2.17505449e-003	5.40245582e-003	5.40245582e-003	0.00000000e+000	
2.17835003e-003	5.40173921e-003	5.40173921e-003	0.00000000e+000	
2.18164556e-003	5.40102260e-003	5.40102260e-003	0.00000000e+000	
2.18494110e-003	5.40030599e-003	5.40030599e-003	0.00000000e+000	
2.18823664e-003	5.39958937e-003	5.39958937e-003	0.00000000e+000	
2.19153218e-003	5.39887276e-003	5.39887276e-003	0.00000000e+000	
2.19482771e-003	5.39815615e-003	5.39815615e-003	0.00000000e+000	
2.19812325e-003	5.39743953e-003	5.39743953e-003	0.00000000e+000	
2.20141879e-003	5.39672292e-003	5.39672292e-003	0.00000000e+000	
2.20471432e-003	5.39600631e-003	5.39600631e-003	0.00000000e+000	
2.20800986e-003	5.39528970e-003	5.39528970e-003	0.00000000e+000	
2.21130540e-003	5.39457308e-003	5.39457308e-003	0.00000000e+000	
2.21460094e-003	5.39385647e-003	5.39385647e-003	0.00000000e+000	
2.21789647e-003	5.39313986e-003	5.39313986e-003	0.00000000e+000	
2.22119201e-003	5.39242324e-003	5.39242324e-003	0.00000000e+000	
2.22448755e-003	5.39170663e-003	5.39170663e-003	0.00000000e+000	
2.22778308e-003	5.39099002e-003	5.39099002e-003	0.00000000e+000	
2.23107862e-003	5.39027341e-003	5.39027341e-003	0.00000000e+000	
2.23437416e-003	5.38955679e-003	5.38955679e-003	0.00000000e+000	
2.23766969e-003	5.38884018e-003	5.38884018e-003	0.00000000e+000	
2.24096523e-003	5.38812357e-003	5.38812357e-003	0.00000000e+000	
2.24426077e-003	5.38740695e-003	5.38740695e-003	0.00000000e+000	
2.24755631e-003	5.38669034e-003	5.38669034e-003	0.00000000e+000	
2.25085184e-003	5.38597373e-003	5.38597373e-003	0.00000000e+000	
2.25414738e-003	5.38525712e-003	5.38525712e-003	0.00000000e+000	
2.25744292e-003	5.38454050e-003	5.38454050e-003	0.00000000e+000	
2.26073845e-003	5.38382389e-003	5.38382389e-003	0.00000000e+000	
2.26403399e-003	5.38310728e-003	5.38310728e-003	0.00000000e+000	
2.26732953e-003	5.38239066e-003	5.38239066e-003	0.00000000e+000	
2.27062507e-003	5.38167405e-003	5.38167405e-003	0.00000000e+000	
2.27392060e-003	5.38095744e-003	5.38095744e-003	0.00000000e+000	
2.27721614e-003	5.38024083e-003	5.38024083e-003	0.00000000e+000	
2.28051168e-003	5.37952421e-003	5.37952421e-003	0.00000000e+000	
2.28380721e-003	5.37880760e-003	5.37880760e-003	0.00000000e+000	
2.28710275e-003	5.37809099e-003	5.37809099e-003	0.00000000e+000	
2.29039829e-003	5.37737437e-003	5.37737437e-003	0.00000000e+000	
2.29369383e-003	5.37665776e-003	5.37665776e-003	0.00000000e+000	
2.29698936e-003	5.37594115e-003	5.37594115e-003	0.00000000e+000	
2.30028490e-003	5.37522454e-003	5.37522454e-003	0.00000000e+000	
2.30358044e-003	5.37450792e-003	5.37450792e-003	0.00000000e+000	
2.30687597e-003	5.37379131e-003	5.37379131e-003	0.00000000e+000	
2.31017151e-003	5.37307470e-003	5.37307470e-003	0.00000000e+000	
2.31346705e-003	5.37235809e-003	5.37235809e-003	0.00000000e+000	
2.31676259e-003	5.37164147e-003	5.37164147e-003	0.00000000e+000	
2.32005812e-003	5.37092486e-003	5.37092486e-003	0.00000000e+000	
2.32335366e-003	5.37020825e-003	5.37020825e-003	0.00000000e+000	
2.32664920e-003	5.36949163e-003	5.36949163e-003	0.00000000e+000	
2.32994473e-003	5.36877502e-003	5.36877502e-003	0.00000000e+000	
2.33324027e-003	5.36805841e-003	5.36805841e-003	0.00000000e+000	
2.33653581e-003	5.36734180e-003	5.36734180e-003	0.00000000e+000	
2.33983135e-003	5.36662518e-003	5.36662518e-003	0.00000000e+000	
2.34312688e-003	5.36590857e-003	5.36590857e-003	0.00000000e+000	
2.34642242e-003	5.36519196e-003	5.36519196e-003	0.00000000e+000	
2.34971796e-003	5.36447534e-003	5.36447534e-003	0.00000000e+000	
2.35301349e-003	5.36375873e-003	5.36375873e-003	0.00000000e+000	
2.35630903e-003	5.36304212e-003	5.36304212e-003	0.00000000e+000	
2.35960457e-003	5.36232551e-003	5.36232551e-003	0.00000000e+000	
2.36290010e-003	5.36160889e-003	5.36160889e-003	0.00000000e+000	
2.36619564e-003	5.36089228e-003	5.36089228e-003	0.00000000e+000	
2.36949118e-003	5.36017567e-003	5.36017567e-003	0.00000000e+000	
2.37278672e-003	5.35945905e-003	5.35945905e-003	0.00000000e+000	
2.37608225e-003	5.35874244e-003	5.35874244e-003	0.00000000e+000	
2.37937779e-003	5.35802583e-003	5.35802583e-003	0.00000000e+000	
2.38267333e-003	5.35730922e-003	5.35730922e-003	0.00000000e+000	
2.38596886e-003	5.35659260e-003	5.35659260e-003	0.00000000e+000	
2.38926440e-003	5.35587599e-003	5.35587599e-003	0.00000000e+000	
2.39255994e-003	5.35515938e-003	5.35515938e-003	0.00000000e+000	
2.39585548e-003	5.35444276e-003	5.35444276e-003	0.00000000e+000	
2.39915101e-003	5.35372615e-003	5.35372615e-003	0.00000000e+000	
2.40244655e-003	5.35300954e-003	5.35300954e-003	0.00000000e+000	
2.40574209e-003	5.35229293e-003	5.35229293e-003	0.00000000e+000	
2.40903762e-003	5.35157631e-003	5.35157631e-003	0.00000000e+000	
2.41233316e-003	5.35085970e-003	5.35085970e-003	0.00000000e+000	
2.41562870e-003	5.35014309e-003	5.35014309e-003	0.00000000e+000	
2.41892424e-003	5.34942647e-003	5.34942647e-003	0.00000000e+000	
2.42221977e-003	5.34870986e-003	5.34870986e-003	0.00000000e+000	
2.42551531e-003	5.34799325e-003	5.34799325e-003	0.00000000e+000	
2.42881085e-003	5.34727664e-003	5.34727664e-003	0.00000000e+000	
2.43210638e-003	5.34656002e-003	5.34656002e-003	0.00000000e+000	
2.43540192e-003	5.34584341e-003	5.34584341e-003	0.00000000e+000	
2.43869746e-003	5.34512680e-003	5.34512680e-003	0.00000000e+000	
2.44199300e-003	5.34441019e-003	5.34441019e-003	0.00000000e+000	
2.44528853e-003	5.34369357e-003	5.34369357e-003	0.00000000e+000	
2.44858407e-003	5.34297696e-003	5.34297696e-003	0.00000000e+000	
2.45187961e-003	5.34226035e-003	5.34226035e-003	0.00000000e+000	
2.45517514e-003	5.34154373e-003	5.34154373e-003	0.00000000e+000	
2.45847068e-003	5.34082712e-003	5.34082712e-003	0.00000000e+000	
2.46176622e-003	5.34011051e-003	5.34011051e-003	0.00000000e+000	
2.46506176e-003	5.33939390e-003	5.33939390e-003	0.00000000e+000	
2.46835729e-003	5.33867728e-003	5.33867728e-003	0.00000000e+000	
2.47165283e-003	5.33796067e-003	5.33796067e-003	0.00000000e+000	
2.47494837e-003	5.33724406e-003	5.33724406e-003	0.00000000e+000	
2.47824390e-003	5.33652744e-003	5.33652744e-003	0.00000000e+000	
2.48153944e-003	5.33563969e-003	5.33563969e-003	0.00000000e+000	
2.48483498e-003	5.33471854e-003	5.33471854e-003	0.00000000e+000	
2.48813051e-003	5.33379738e-003	5.33379738e-003	0.00000000e+000	
2.49142605e-003	5.33287623e-003	5.33287623e-003	0.00000000e+000	
2.49472159e-003	5.33195507e-003	5.33195507e-003	0.00000000e+000	
2.49801713e-003	5.33103392e-003	5.33103392e-003	0.00000000e+000	
2.50131266e-003	5.33011277e-003	5.33011277e-003	0.00000000e+000	
2.50460820e-003	5.32919161e-003	5.32919161e-003	0.00000000e+000	
2.50790374e-003	5.32827046e-003	5.32827046e-003	0.00000000e+000	
2.51119927e-003	5.32734930e-003	5.32734930e-003	0.00000000e+000	
2.51449481e-003	5.32642815e-003	5.32642815e-003	0.00000000e+000	
2.51779035e-003	5.32550699e-003	5.32550699e-003	0.00000000e+000	
2.52108589e-003	5.32458584e-003	5.32458584e-003	0.00000000e+000	
2.52438142e-003	5.32366468e-003	5.32366468e-003	0.00000000e+000	
2.52767696e-003	5.32274353e-003	5.32274353e-003	0.00000000e+000	
2.53097250e-003	5.32182237e-003	5.32182237e-003	0.00000000e+000	
2.53426803e-003	5.32090122e-003	5.32090122e-003	0.00000000e+000	
2.53756357e-003	5.31998006e-003	5.31998006e-003	0.00000000e+000	
2.54085911e-003	5.31905891e-003	5.31905891e-003	0.00000000e+000	
2.54415465e-003	5.31813775e-003	5.31813775e-003	0.00000000e+000	
2.54745018e-003	5.31721660e-003	5.31721660e-003	0.00000000e+000	
2.55074572e-003	5.31629544e-003	5.31629544e-003	0.00000000e+000	
2.55404126e-003	5.31537429e-003	5.31537429e-003	0.00000000e+000	
2.55733679e-003	5.31445313e-003	5.31445313e-003	0.00000000e+000	
2.56063233e-003	5.31353198e-003	5.31353198e-003	0.00000000e+000	
2.56392787e-003	5.31261082e-003	5.31261082e-003	0.00000000e+000	
2.56722341e-003	5.31168967e-003	5.31168967e-003	0.00000000e+000	
2.57051894e-003	5.31073577e-003	5.31073577e-003	0.00000000e+000	
2.57381448e-003	5.30976399e-003	5.30976399e-003	0.00000000e+000	
2.57711002e-003	5.30879221e-003	5.30879221e-003	0.00000000e+000	
2.58040555e-003	5.30782043e-003	5.30782043e-003	0.00000000e+000	
2.58370109e-003	5.30684865e-003	5.30684865e-003	0.00000000e+000	
2.58699663e-003	5.30587687e-003	5.30587687e-003	0.00000000e+000	
2.59029217e-003	5.30490509e-003	5.30490509e-003	0.00000000e+000	
2.59358770e-003	5.30393331e-003	5.30393331e-003	0.00000000e+000	
2.59688324e-003	5.30296153e-003	5.30296153e-003	0.00000000e+000	
2.60017878e-003	5.30198975e-003	5.30198975e-003	0.00000000e+000	
2.60347431e-003	5.30101797e-003	5.30101797e-003	0.00000000e+000	
2.60676985e-003	5.30004619e-003	5.30004619e-003	0.00000000e+000	
2.61006539e-003	5.29907441e-003	5.29907441e-003	0.00000000e+000	
2.61336092e-003	5.29810263e-003	5.29810263e-003	0.00000000e+000	
2.61665646e-003	5.29713085e-003	5.29713085e-003	0.00000000e+000	
2.61995200e-003	5.29615907e-003	5.29615907e-003	0.00000000e+000	
2.62324754e-003	5.29518729e-003	5.29518729e-003	0.00000000e+000	
2.62654307e-003	5.29421551e-003	5.29421551e-003	0.00000000e+000	
2.62983861e-003	5.29324373e-003	5.29324373e-003	0.00000000e+000	
2.63313415e-003	5.29227195e-003	5.29227195e-003	0.00000000e+000	
2.63642968e-003	5.29130017e-003	5.29130017e-003	0.00000000e+000	
2.63972522e-003	5.29032839e-003	5.29032839e-003	0.00000000e+000	
2.64302076e-003	5.28935661e-003	5.28935661e-003	0.00000000e+000	
2.64631630e-003	5.28838483e-003	5.28838483e-003	0.00000000e+000	
2.64961183e-003	5.28741305e-003	5.28741305e-003	0.00000000e+000	
2.65290737e-003	5.28644127e-003	5.28644127e-003	0.00000000e+000	
2.65620291e-003	5.28546949e-003	5.28546949e-003	0.00000000e+000	
2.65949844e-003	5.28449771e-003	5.28449771e-003	0.00000000e+000	
2.66279398e-003	5.28352593e-003	5.28352593e-003	0.00000000e+000	
2.66608952e-003	5.28255415e-003	5.28255415e-003	0.00000000e+000	
2.66938506e-003	5.28158237e-003	5.28158237e-003	0.00000000e+000	
2.67268059e-003	5.28061059e-003	5.28061059e-003	0.00000000e+000	
2.67597613e-003	5.27963881e-003	5.27963881e-003	0.00000000e+000	
2.67927167e-003	5.27866703e-003	5.27866703e-003	0.00000000e+000	
2.68256720e-003	5.27769525e-003	5.27769525e-003	0.00000000e+000	
2.68586274e-003	5.27672347e-003	5.27672347e-003	0.00000000e+000	
2.68915828e-003	5.27575169e-003	5.27575169e-003	0.00000000e+000	
2.69245382e-003	5.27477991e-003	5.27477991e-003	0.00000000e+000	
2.69574935e-003	5.27380813e-003	5.27380813e-003	0.00000000e+000	
2.69904489e-003	5.27283635e-003	5.27283635e-003	0.00000000e+000	
2.70234043e-003	5.27186457e-003	5.27186457e-003	0.00000000e+000	
2.70563596e-003	5.27089279e-003	5.27089279e-003	0.00000000e+000	
2.70893150e-003	5.26992101e-003	5.26992101e-003	0.00000000e+000	
2.71222704e-003	5.26894923e-003	5.26894923e-003	0.00000000e+000	
2.71552258e-003	5.26797745e-003	5.26797745e-003	0.00000000e+000	
2.71881811e-003	5.26700567e-003	5.26700567e-003	0.00000000e+000	
2.72211365e-003	5.26603389e-003	5.26603389e-003	0.00000000e+000	
2.72540919e-003	5.26506211e-003	5.26506211e-003	0.00000000e+000	
2.72870472e-003	5.26409033e-003	5.26409033e-003	0.00000000e+000	
2.73200026e-003	5.26311855e-003	5.26311855e-003	0.00000000e+000	
2.73529580e-003	5.26214677e-003	5.26214677e-003	0.00000000e+000	
2.73859133e-003	5.26117499e-003	5.26117499e-003	0.00000000e+000	
2.74188687e-003	5.26020321e-003	5.26020321e-003	0.00000000e+000	
2.74518241e-003	5.25923143e-003	5.25923143e-003	0.00000000e+000	
2.74847795e-003	5.25825965e-003	5.25825965e-003	0.00000000e+000	
2.75177348e-003	5.25728787e-003	5.25728787e-003	0.00000000e+000	
2.75506902e-003	5.25631609e-003	5.25631609e-003	0.00000000e+000	
2.75836456e-003	5.25534431e-003	5.25534431e-003	0.00000000e+000	
2.76166009e-003	5.25437253e-003	5.25437253e-003	0.00000000e+000	
2.76495563e-003	5.25340075e-003	5.25340075e-003	0.00000000e+000	
2.76825117e-003	5.25242897e-003	5.25242897e-003	0.00000000e+000	
2.77154671e-003	5.25145719e-003	5.25145719e-003	0.00000000e+000	
2.77484224e-003	5.25048541e-003	5.25048541e-003	0.00000000e+000	
2.77813778e-003	5.24951363e-003	5.24951363e-003	0.00000000e+000	
2.78143332e-003	5.24854185e-003	5.24854185e-003	0.00000000e+000	
2.78472885e-003	5.24757007e-003	5.24757007e-003	0.00000000e+000	
2.78802439e-003	5.24659829e-003	5.24659829e-003	0.00000000e+000	
2.79131993e-003	5.24562651e-003	5.24562651e-003	0.00000000e+000	
2.79461547e-003	5.24465473e-003	5.24465473e-003	0.00000000e+000	
2.79791100e-003	5.24368295e-003	5.24368295e-003	0.00000000e+000	
2.80120654e-003	5.24271117e-003	5.24271117e-003	0.00000000e+000	
2.80450208e-003	5.24173939e-003	5.24173939e-003	0.00000000e+000	
2.80779761e-003	5.24076761e-003	5.24076761e-003	0.00000000e+000	
2.81109315e-003	5.23979583e-003	5.23979583e-003	0.00000000e+000	
2.81438869e-003	5.23882405e-003	5.23882405e-003	0.00000000e+000	
2.81768423e-003	5.23785227e-003	5.23785227e-003	0.00000000e+000	
2.82097976e-003	5.23688049e-003	5.23688049e-003	0.00000000e+000	
2.82427530e-003	5.23590871e-003	5.23590871e-003	0.00000000e+000	
2.82757084e-003	5.23493693e-003	5.23493693e-003	0.00000000e+000	
2.83086637e-003	5.23396515e-003	5.23396515e-003	0.00000000e+000	
2.83416191e-003	5.23299337e-003	5.23299337e-003	0.00000000e+000	
2.83745745e-003	5.23202159e-003	5.23202159e-003	0.00000000e+000	
2.84075299e-003	5.23104981e-003	5.23104981e-003	0.00000000e+000	
2.84404852e-003	5.23007803e-003	5.23007803e-003	0.00000000e+000	
2.84734406e-003	5.22910625e-003	5.22910625e-003	0.00000000e+000	
2.85063960e-003	5.22813447e-003	5.22813447e-003	0.00000000e+000	
2.85393513e-003	5.22716269e-003	5.22716269e-003	0.00000000e+000	
2.85723067e-003	5.22619091e-003	5.22619091e-003	0.00000000e+000	
2.86052621e-003	5.22521913e-003	5.22521913e-003	0.00000000e+000	
2.86382174e-003	5.22424735e-003	5.22424735e-003	0.00000000e+000	
2.86711728e-003	5.22327557e-003	5.22327557e-003	0.00000000e+000	
2.87041282e-003	5.22230379e-003	5.22230379e-003	0.00000000e+000	
2.87370836e-003	5.22133201e-003	5.22133201e-003	0.00000000e+000	
2.87700389e-003	5.22036023e-003	5.22036023e-003	0.00000000e+000	
2.88029943e-003	5.21938845e-003	5.21938845e-003	0.00000000e+000	
2.88359497e-003	5.21841667e-003	5.21841667e-003	0.00000000e+000	
2.88689050e-003	5.21744489e-003	5.21744489e-003	0.00000000e+000	
2.89018604e-003	5.21647311e-003	5.21647311e-003	0.00000000e+000	
2.89348158e-003	5.21550133e-003	5.21550133e-003	0.00000000e+000	
2.89677712e-003	5.21452955e-003	5.21452955e-003	0.00000000e+000	
2.90007265e-003	5.21355777e-003	5.21355777e-003	0.00000000e+000	
2.90336819e-003	5.21258599e-003	5.21258599e-003	0.00000000e+000	
2.90666373e-003	5.21161421e-003	5.21161421e-003	0.00000000e+000	
2.90995926e-003	5.21064243e-003	5.21064243e-003	0.00000000e+000	
2.91325480e-003	5.20967065e-003	5.20967065e-003	0.00000000e+000	
2.91655034e-003	5.20869887e-003	5.20869887e-003	0.00000000e+000	
2.91984588e-003	5.20772709e-003	5.20772709e-003	0.00000000e+000	
2.92314141e-003	5.20675531e-003	5.20675531e-003	0.00000000e+000	
2.92643695e-003	5.20578353e-003	5.20578353e-003	0.00000000e+000	
2.92973249e-003	5.20481175e-003	5.20481175e-003	0.00000000e+000	
2.93302802e-003	5.20383997e-003	5.20383997e-003	0.00000000e+000	
2.93632356e-003	5.20286819e-003	5.20286819e-003	0.00000000e+000	
2.93961910e-003	5.20189641e-003	5.20189641e-003	0.00000000e+000	
2.94291464e-003	5.20092463e-003	5.20092463e-003	0.00000000e+000	
2.94621017e-003	5.19995285e-003	5.19995285e-003	0.00000000e+000	
2.94950571e-003	5.19898107e-003	5.19898107e-003	0.00000000e+000	
2.95280125e-003	5.19800929e-003	5.19800929e-003	0.00000000e+000	
2.95609678e-003	5.19703751e-003	5.19703751e-003	0.00000000e+000	
2.95939232e-003	5.19606573e-003	5.19606573e-003	0.00000000e+000	
2.96268786e-003	5.19509395e-003	5.19509395e-003	0.00000000e+000	
2.96598340e-003	5.19412217e-003	5.19412217e-003	0.00000000e+000	
2.96927893e-003	5.19315039e-003	5.19315039e-003	0.00000000e+000	
2.97257447e-003	5.19217861e-003	5.19217861e-003	0.00000000e+000	
2.97587001e-003	5.19120683e-003	5.19120683e-003	0.00000000e+000	
2.97916554e-003	5.19023505e-003	5.19023505e-003	0.00000000e+000	
2.98246108e-003	5.18926327e-003	5.18926327e-003	0.00000000e+000	
2.98575662e-003	5.18829149e-003	5.18829149e-003	0.00000000e+000	
2.98905215e-003	5.18731971e-003	5.18731971e-003	0.00000000e+000	
2.99234769e-003	5.18634793e-003	5.18634793e-003	0.00000000e+000	
2.99564323e-003	5.18537615e-003	5.18537615e-003	0.00000000e+000	
2.99893877e-003	5.18440437e-003	5.18440437e-003	0.00000000e+000	
3.00223430e-003	5.18343259e-003	5.18343259e-003	0.00000000e+000	
3.00552984e-003	5.18246081e-003	5.18246081e-003	0.00000000e+000	
3.00882538e-003	5.18148903e-003	5.18148903e-003	0.00000000e+000	
3.01212091e-003	5.18051725e-003	5.18051725e-003	0.00000000e+000	
3.01541645e-003	5.17954547e-003	5.17954547e-003	0.00000000e+000	
3.01871199e-003	5.17857369e-003	5.17857369e-003	0.00000000e+000	
3.02200753e-003	5.17760191e-003	5.17760191e-003	0.00000000e+000	
3.02530306e-003	5.17655529e-003	5.17655529e-003	0.00000000e+000	
3.02859860e-003	5.17547606e-003	5.17547606e-003	0.00000000e+000	
3.03189414e-003	5.17439683e-003	5.17439683e-003	0.00000000e+000	
3.03518967e-003	5.17331759e-003	5.17331759e-003	0.00000000e+000	
3.03848521e-003	5.17223836e-003	5.17223836e-003	0.00000000e+000	
3.04178075e-003	5.17115913e-003	5.17115913e-003	0.00000000e+000	
3.04507629e-003	5.17007989e-003	5.17007989e-003	0.00000000e+000	
3.04837182e-003	5.16900066e-003	5.16900066e-003	0.00000000e+000	
3.05166736e-003	5.16792142e-003	5.16792142e-003	0.00000000e+000	
3.05496290e-003	5.16684219e-003	5.16684219e-003	0.00000000e+000	
3.05825843e-003	5.16576296e-003	5.16576296e-003	0.00000000e+000	
3.06155397e-003	5.16468372e-003	5.16468372e-003	0.00000000e+000	
3.06484951e-003	5.16360449e-003	5.16360449e-003	0.00000000e+000	
3.06814505e-003	5.16252526e-003	5.16252526e-003	0.00000000e+000	
3.07144058e-003	5.16144602e-003	5.16144602e-003	0.00000000e+000	
3.07473612e-003	5.16036679e-003	5.16036679e-003	0.00000000e+000	
3.07803166e-003	5.15928756e-003	5.15928756e-003	0.00000000e+000	
3.08132719e-003	5.15820832e-003	5.15820832e-003	0.00000000e+000	
3.08462273e-003	5.15712909e-003	5.15712909e-003	0.00000000e+000	
3.08791827e-003	5.15604986e-003	5.15604986e-003	0.00000000e+000	
3.09121381e-003	5.15497062e-003	5.15497062e-003	0.00000000e+000	
3.09450934e-003	5.15389139e-003	5.15389139e-003	0.00000000e+000	
3.09780488e-003	5.15281215e-003	5.15281215e-003	0.00000000e+000	
3.10110042e-003	5.15173292e-003	5.15173292e-003	0.00000000e+000	
3.10439595e-003	5.15065369e-003	5.15065369e-003	0.00000000e+000	
3.10769149e-003	5.14957445e-003	5.14957445e-003	0.00000000e+000	
3.11098703e-003	5.14849522e-003	5.14849522e-003	0.00000000e+000	
3.11428256e-003	5.14741599e-003	5.14741599e-003	0.00000000e+000	
3.11757810e-003	5.14633675e-003	5.14633675e-003	0.00000000e+000	
3.12087364e-003	5.14525752e-003	5.14525752e-003	0.00000000e+000	
3.12416918e-003	5.14417829e-003	5.14417829e-003	0.00000000e+000	
3.12746471e-003	5.14309905e-003	5.14309905e-003	0.00000000e+000	
3.13076025e-003	5.14201982e-003	5.14201982e-003	0.00000000e+000	
3.13405579e-003	5.14094058e-003	5.14094058e-003	0.00000000e+000	
3.13735132e-003	5.13986135e-003	5.13986135e-003	0.00000000e+000	
3.14064686e-003	5.13878212e-003	5.13878212e-003	0.00000000e+000	
3.14394240e-003	5.13770288e-003	5.13770288e-003	0.00000000e+000	
3.14723794e-003	5.13662365e-003	5.13662365e-003	0.00000000e+000	
3.15053347e-003	5.13554442e-003	5.13554442e-003	0.00000000e+000	
3.15382901e-003	5.13446518e-003	5.13446518e-003	0.00000000e+000	
3.15712455e-003	5.13338595e-003	5.13338595e-003	0.00000000e+000	
3.16042008e-003	5.13230672e-003	5.13230672e-003	0.00000000e+000	
3.16371562e-003	5.13122748e-003	5.13122748e-003	0.00000000e+000	
3.16701116e-003	5.13014825e-003	5.13014825e-003	0.00000000e+000	
3.17030670e-003	5.12906901e-003	5.12906901e-003	0.00000000e+000	
3.17360223e-003	5.12785263e-003	5.12785263e-003	0.00000000e+000	
3.17689777e-003	5.12661125e-003	5.12661125e-003	0.00000000e+000	
3.18019331e-003	5.12536987e-003	5.12536987e-003	0.00000000e+000	
3.18348884e-003	5.12412848e-003	5.12412848e-003	0.00000000e+000	
3.18678438e-003	5.12288710e-003	5.12288710e-003	0.00000000e+000	
3.19007992e-003	5.12164571e-003	5.12164571e-003	0.00000000e+000	
3.19337546e-003	5.12040433e-003	5.12040433e-003	0.00000000e+000	
3.19667099e-003	5.11916294e-003	5.11916294e-003	0.00000000e+000	
3.19996653e-003	5.11792156e-003	5.11792156e-003	0.00000000e+000	
3.20326207e-003	5.11668018e-003	5.11668018e-003	0.00000000e+000	
3.20655760e-003	5.11543879e-003	5.11543879e-003	0.00000000e+000	
3.20985314e-003	5.11419741e-003	5.11419741e-003	0.00000000e+000	
3.21314868e-003	5.11295602e-003	5.11295602e-003	0.00000000e+000	
3.21644422e-003	5.11171464e-003	5.11171464e-003	0.00000000e+000	
3.21973975e-003	5.11047325e-003	5.11047325e-003	0.00000000e+000	
3.22303529e-003	5.10923187e-003	5.10923187e-003	0.00000000e+000	
3.22633083e-003	5.10799049e-003	5.10799049e-003	0.00000000e+000	
3.22962636e-003	5.10674910e-003	5.10674910e-003	0.00000000e+000	
3.23292190e-003	5.10550772e-003	5.10550772e-003	0.00000000e+000	
3.23621744e-003	5.10426633e-003	5.10426633e-003	0.00000000e+000	
3.23951297e-003	5.10302495e-003	5.10302495e-003	0.00000000e+000	
3.24280851e-003	5.10178356e-003	5.10178356e-003	0.00000000e+000	
3.24610405e-003	5.10054218e-003	5.10054218e-003	0.00000000e+000	
3.24939959e-003	5.09930080e-003	5.09930080e-003	0.00000000e+000	
3.25269512e-003	5.09805941e-003	5.09805941e-003	0.00000000e+000	
3.25599066e-003	5.09681803e-003	5.09681803e-003	0.00000000e+000	
3.25928620e-003	5.09557664e-003	5.09557664e-003	0.00000000e+000	
3.26258173e-003	5.09433526e-003	5.09433526e-003	0.00000000e+000	
3.26587727e-003	5.09309387e-003	5.09309387e-003	0.00000000e+000	
3.26917281e-003	5.09185249e-003	5.09185249e-003	0.00000000e+000	
3.27246835e-003	5.09061111e-003	5.09061111e-003	0.00000000e+000	
3.27576388e-003	5.08936972e-003	5.08936972e-003	0.00000000e+000	
3.27905942e-003	5.08812834e-003	5.08812834e-003	0.00000000e+000	
3.28235496e-003	5.08688695e-003	5.08688695e-003	0.00000000e+000	
3.28565049e-003	5.08564557e-003	5.08564557e-003	0.00000000e+000	
3.28894603e-003	5.08440418e-003	5.08440418e-003	0.00000000e+000	
3.29224157e-003	5.08316280e-003	5.08316280e-003	0.00000000e+000	
3.29553711e-003	5.08192142e-003	5.08192142e-003	0.00000000e+000	
3.29883264e-003	5.08068003e-003	5.08068003e-003	0.00000000e+000	
3.30212818e-003	5.07943865e-003	5.07943865e-003	0.00000000e+000	
3.30542372e-003	5.07819726e-003	5.07819726e-003	0.00000000e+000	
3.30871925e-003	5.07695588e-003	5.07695588e-003	0.00000000e+000	
3.31201479e-003	5.07571449e-003	5.07571449e-003	0.00000000e+000	
3.31531033e-003	5.07447311e-003	5.07447311e-003	0.00000000e+000	
3.31860587e-003	5.07323173e-003	5.07323173e-003	0.00000000e+000	
3.32190140e-003	5.07199034e-003	5.07199034e-003	0.00000000e+000	
3.32519694e-003	5.07074896e-003	5.07074896e-003	0.00000000e+000	
3.32849248e-003	5.06950757e-003	5.06950757e-003	0.00000000e+000	
3.33178801e-003	5.06826619e-003	5.06826619e-003	0.00000000e+000	
3.33508355e-003	5.06702480e-003	5.06702480e-003	0.00000000e+000	
3.33837909e-003	5.06578342e-003	5.06578342e-003	0.00000000e+000	
3.34167463e-003	5.06454204e-003	5.06454204e-003	0.00000000e+000	
3.34497016e-003	5.06330065e-003	5.06330065e-003	0.00000000e+000	
3.34826570e-003	5.06205927e-003	5.06205927e-003	0.00000000e+000	
3.35156124e-003	5.06081788e-003	5.06081788e-003	0.00000000e+000	
3.35485677e-003	5.05957650e-003	5.05957650e-003	0.00000000e+000	
3.35815231e-003	5.05833511e-003	5.05833511e-003	0.00000000e+000	
3.36144785e-003	5.05709373e-003	5.05709373e-003	0.00000000e+000	
3.36474338e-003	5.05585235e-003	5.05585235e-003	0.00000000e+000	
3.36803892e-003	5.05461096e-003	5.05461096e-003	0.00000000e+000	
3.37133446e-003	5.05336958e-003	5.05336958e-003	0.00000000e+000	
3.37463000e-003	5.05212819e-003	5.05212819e-003	0.00000000e+000	
3.37792553e-003	5.05088681e-003	5.05088681e-003	0.00000000e+000	
3.38122107e-003	5.04964542e-003	5.04964542e-003	0.00000000e+000	
3.38451661e-003	5.04840404e-003	5.04840404e-003	0.00000000e+000	
3.38781214e-003	5.04716266e-003	5.04716266e-003	0.00000000e+000	
3.39110768e-003	5.04592127e-003	5.04592127e-003	0.00000000e+000	
3.39440322e-003	5.04467989e-003	5.04467989e-003	0.00000000e+000	
3.39769876e-003	5.04343850e-003	5.04343850e-003	0.00000000e+000	
3.40099429e-003	5.04219712e-003	5.04219712e-003	0.00000000e+000	
3.40428983e-003	5.04095573e-003	5.04095573e-003	0.00000000e+000	
3.40758537e-003	5.03971435e-003	5.03971435e-003	0.00000000e+000	
3.41088090e-003	5.03847297e-003	5.03847297e-003	0.00000000e+000	
3.41417644e-003	5.03723158e-003	5.03723158e-003	0.00000000e+000	
3.41747198e-003	5.03599020e-003	5.03599020e-003	0.00000000e+000	
3.42076752e-003	5.03474881e-003	5.03474881e-003	0.00000000e+000	
3.42406305e-003	5.03350743e-003	5.03350743e-003	0.00000000e+000	
3.42735859e-003	5.03226604e-003	5.03226604e-003	0.00000000e+000	
3.43065413e-003	5.03102466e-003	5.03102466e-003	0.00000000e+000	
3.43394966e-003	5.02978328e-003	5.02978328e-003	0.00000000e+000	
3.43724520e-003	5.02854189e-003	5.02854189e-003	0.00000000e+000	
3.44054074e-003	5.02730051e-003	5.02730051e-003	0.00000000e+000	
3.44383628e-003	5.02605912e-003	5.02605912e-003	0.00000000e+000	
3.44713181e-003	5.02481774e-003	5.02481774e-003	0.00000000e+000	
3.45042735e-003	5.02357635e-003	5.02357635e-003	0.00000000e+000	
3.45372289e-003	5.02233497e-003	5.02233497e-003	0.00000000e+000	
3.45701842e-003	5.02109359e-003	5.02109359e-003	0.00000000e+000	
3.46031396e-003	5.01985220e-003	5.01985220e-003	0.00000000e+000	
3.46360950e-003	5.01861082e-003	5.01861082e-003	0.00000000e+000	
3.46690504e-003	5.01736943e-003	5.01736943e-003	0.00000000e+000	
3.47020057e-003	5.01612805e-003	5.01612805e-003	0.00000000e+000	
3.47349611e-003	5.01488666e-003	5.01488666e-003	0.00000000e+000	
3.47679165e-003	5.01364528e-003	5.01364528e-003	0.00000000e+000	
3.48008718e-003	5.01240390e-003	5.01240390e-003	0.00000000e+000	
3.48338272e-003	5.01116251e-003	5.01116251e-003	0.00000000e+000	
3.48667826e-003	5.00992113e-003	5.00992113e-003	0.00000000e+000	
3.48997379e-003	5.00867974e-003	5.00867974e-003	0.00000000e+000	
3.49326933e-003	5.00743836e-003	5.00743836e-003	0.00000000e+000	
3.49656487e-003	5.00619697e-003	5.00619697e-003	0.00000000e+000	
3.49986041e-003	5.00495559e-003	5.00495559e-003	0.00000000e+000	
3.50315594e-003	5.00371421e-003	5.00371421e-003	0.00000000e+000	
3.50645148e-003	5.00247282e-003	5.00247282e-003	0.00000000e+000	
3.50974702e-003	5.00123144e-003	5.00123144e-003	0.00000000e+000	
3.51304255e-003	4.99999005e-003	4.99999005e-003	0.00000000e+000	
3.51633809e-003	4.99874867e-003	4.99874867e-003	0.00000000e+000	
3.51963363e-003	4.99750728e-003	4.99750728e-003	0.00000000e+000	
3.52292917e-003	4.99626590e-003	4.99626590e-003	0.00000000e+000	
3.52622470e-003	4.99502452e-003	4.99502452e-003	0.00000000e+000	
3.52952024e-003	4.99378313e-003	4.99378313e-003	0.00000000e+000	
3.53281578e-003	4.99254175e-003	4.99254175e-003	0.00000000e+000	
3.53611131e-003	4.99130036e-003	4.99130036e-003	0.00000000e+000	
3.53940685e-003	4.99005898e-003	4.99005898e-003	0.00000000e+000	
3.54270239e-003	4.98881759e-003	4.98881759e-003	0.00000000e+000	
3.54599793e-003	4.98757621e-003	4.98757621e-003	0.00000000e+000	
3.54929346e-003	4.98633483e-003	4.98633483e-003	0.00000000e+000	
3.55258900e-003	4.98509344e-003	4.98509344e-003	0.00000000e+000	
3.55588454e-003	4.98385206e-003	4.98385206e-003	0.00000000e+000	
3.55918007e-003	4.98261067e-003	4.98261067e-003	0.00000000e+000	
3.56247561e-003	4.98136929e-003	4.98136929e-003	0.00000000e+000	
3.56577115e-003	4.98012790e-003	4.98012790e-003	0.00000000e+000	
3.56906669e-003	4.97888652e-003	4.97888652e-003	0.00000000e+000	
3.57236222e-003	4.97764514e-003	4.97764514e-003	0.00000000e+000	
3.57565776e-003	4.97640375e-003	4.97640375e-003	0.00000000e+000	
3.57895330e-003	4.97516237e-003	4.97516237e-003	0.00000000e+000	
3.58224883e-003	4.97392098e-003	4.97392098e-003	0.00000000e+000	
3.58554437e-003	4.97267960e-003	4.97267960e-003	0.00000000e+000	
3.58883991e-003	4.97143821e-003	4.97143821e-003	0.00000000e+000	
3.59213545e-003	4.97019683e-003	4.97019683e-003	0.00000000e+000	
3.59543098e-003	4.96895545e-003	4.96895545e-003	0.00000000e+000	
3.59872652e-003	4.96771406e-003	4.96771406e-003	0.00000000e+000	
3.60202206e-003	4.96647268e-003	4.96647268e-003	0.00000000e+000	
3.60531759e-003	4.96523129e-003	4.96523129e-003	0.00000000e+000	
3.60861313e-003	4.96398991e-003	4.96398991e-003	0.00000000e+000	
3.61190867e-003	4.96274852e-003	4.96274852e-003	0.00000000e+000	
3.61520420e-003	4.96150714e-003	4.96150714e-003	0.00000000e+000	
3.61849974e-003	4.96026576e-003	4.96026576e-003	0.00000000e+000	
3.62179528e-003	4.95902437e-003	4.95902437e-003	0.00000000e+000	
3.62509082e-003	4.95778299e-003	4.95778299e-003	0.00000000e+000	
3.62838635e-003	4.95654160e-003	4.95654160e-003	0.00000000e+000	
3.63168189e-003	4.95530022e-003	4.95530022e-003	0.00000000e+000	
3.63497743e-003	4.95405883e-003	4.95405883e-003	0.00000000e+000	
3.63827296e-003	4.95281745e-003	4.95281745e-003	0.00000000e+000	
3.64156850e-003	4.95157607e-003	4.95157607e-003	0.00000000e+000	
3.64486404e-003	4.95033468e-003	4.95033468e-003	0.00000000e+000	
3.64815958e-003	4.94909330e-003	4.94909330e-003	0.00000000e+000	
3.65145511e-003	4.94779736e-003	4.94779736e-003	0.00000000e+000	
3.65475065e-003	4.94643475e-003	4.94643475e-003	0.00000000e+000	
3.65804619e-003	4.94507215e-003	4.94507215e-003	0.00000000e+000	
3.66134172e-003	4.94370954e-003	4.94370954e-003	0.00000000e+000	
3.66463726e-003	4.94234694e-003	4.94234694e-003	0.00000000e+000	
3.66793280e-003	4.94098433e-003	4.94098433e-003	0.00000000e+000	
3.67122834e-003	4.93962173e-003	4.93962173e-003	0.00000000e+000	
3.67452387e-003	4.93825912e-003	4.93825912e-003	0.00000000e+000	
3.67781941e-003	4.93689651e-003	4.93689651e-003	0.00000000e+000	
3.68111495e-003	4.93553391e-003	4.93553391e-003	0.00000000e+000	
3.68441048e-003	4.93417130e-003	4.93417130e-003	0.00000000e+000	
3.68770602e-003	4.93280870e-003	4.93280870e-003	0.00000000e+000	
3.69100156e-003	4.93144609e-003	4.93144609e-003	0.00000000e+000	
3.69429710e-003	4.93008349e-003	4.93008349e-003	0.00000000e+000	
3.69759263e-003	4.92872088e-003	4.92872088e-003	0.00000000e+000	
3.70088817e-003	4.92735827e-003	4.92735827e-003	0.00000000e+000	
3.70418371e-003	4.92599567e-003	4.92599567e-003	0.00000000e+000	
3.70747924e-003	4.92463306e-003	4.92463306e-003	0.00000000e+000	
3.71077478e-003	4.92327046e-003	4.92327046e-003	0.00000000e+000	
3.71407032e-003	4.92190785e-003	4.92190785e-003	0.00000000e+000	
3.71736586e-003	4.92054525e-003	4.92054525e-003	0.00000000e+000	
3.72066139e-003	4.91918264e-003	4.91918264e-003	0.00000000e+000	
3.72395693e-003	4.91782004e-003	4.91782004e-003	0.00000000e+000	
3.72725247e-003	4.91645743e-003	4.91645743e-003	0.00000000e+000	
3.73054800e-003	4.91509482e-003	4.91509482e-003	0.00000000e+000	
3.73384354e-003	4.91373222e-003	4.91373222e-003	0.00000000e+000	
3.73713908e-003	4.91236961e-003	4.91236961e-003	0.00000000e+000	
3.74043461e-003	4.91094826e-003	4.91094826e-003	0.00000000e+000	
3.74373015e-003	4.90932166e-003	4.90932166e-003	0.00000000e+000	
3.74702569e-003	4.90769506e-003	4.90769506e-003	0.00000000e+000	
3.75032123e-003	4.90606846e-003	4.90606846e-003	0.00000000e+000	
3.75361676e-003	4.90444186e-003	4.90444186e-003	0.00000000e+000	
3.75691230e-003	4.90281526e-003	4.90281526e-003	0.00000000e+000	
3.76020784e-003	4.90118866e-003	4.90118866e-003	0.00000000e+000	
3.76350337e-003	4.89956206e-003	4.89956206e-003	0.00000000e+000	
3.76679891e-003	4.89793546e-003	4.89793546e-003	0.00000000e+000	
3.77009445e-003	4.89630886e-003	4.89630886e-003	0.00000000e+000	
3.77338999e-003	4.89468226e-003	4.89468226e-003	0.00000000e+000	
3.77668552e-003	4.89305566e-003	4.89305566e-003	0.00000000e+000	
3.77998106e-003	4.89142906e-003	4.89142906e-003	0.00000000e+000	
3.78327660e-003	4.88980246e-003	4.88980246e-003	0.00000000e+000	
3.78657213e-003	4.88817586e-003	4.88817586e-003	0.00000000e+000	
3.78986767e-003	4.88654926e-003	4.88654926e-003	0.00000000e+000	
3.79316321e-003	4.88492266e-003	4.88492266e-003	0.00000000e+000	
3.79645875e-003	4.88329606e-003	4.88329606e-003	0.00000000e+000	
3.79975428e-003	4.88166946e-003	4.88166946e-003	0.00000000e+000	
3.80304982e-003	4.88004286e-003	4.88004286e-003	0.00000000e+000	
3.80634536e-003	4.87841626e-003	4.87841626e-003	0.00000000e+000	
3.80964089e-003	4.87678966e-003	4.87678966e-003	0.00000000e+000	
3.81293643e-003	4.87516306e-003	4.87516306e-003	0.00000000e+000	
3.81623197e-003	4.87353646e-003	4.87353646e-003	0.00000000e+000	
3.81952751e-003	4.87190986e-003	4.87190986e-003	0.00000000e+000	
3.82282304e-003	4.87028326e-003	4.87028326e-003	0.00000000e+000	
3.82611858e-003	4.86865666e-003	4.86865666e-003	0.00000000e+000	
3.82941412e-003	4.86703006e-003	4.86703006e-003	0.00000000e+000	
3.83270965e-003	4.86540346e-003	4.86540346e-003	0.00000000e+000	
3.83600519e-003	4.86377686e-003	4.86377686e-003	0.00000000e+000	
3.83930073e-003	4.86215026e-003	4.86215026e-003	0.00000000e+000	
3.84259627e-003	4.86052366e-003	4.86052366e-003	0.00000000e+000	
3.84589180e-003	4.85889706e-003	4.85889706e-003	0.00000000e+000	
3.84918734e-003	4.85727046e-003	4.85727046e-003	0.00000000e+000	
3.85248288e-003	4.85564386e-003	4.85564386e-003	0.00000000e+000	
3.85577841e-003	4.85401726e-003	4.85401726e-003	0.00000000e+000	
3.85907395e-003	4.85239066e-003	4.85239066e-003	0.00000000e+000	
3.86236949e-003	4.85076406e-003	4.85076406e-003	0.00000000e+000	
3.86566502e-003	4.84913746e-003	4.84913746e-003	0.00000000e+000	
3.86896056e-003	4.84751086e-003	4.84751086e-003	0.00000000e+000	
3.87225610e-003	4.84588426e-003	4.84588426e-003	0.00000000e+000	
3.87555164e-003	4.84425765e-003	4.84425765e-003	0.00000000e+000	
3.87884717e-003	4.84263105e-003	4.84263105e-003	0.00000000e+000	
3.88214271e-003	4.84100445e-003	4.84100445e-003	0.00000000e+000	
3.88543825e-003	4.83937785e-003	4.83937785e-003	0.00000000e+000	
3.88873378e-003	4.83775125e-003	4.83775125e-003	0.00000000e+000	
3.89202932e-003	4.83612465e-003	4.83612465e-003	0.00000000e+000	
3.89532486e-003	4.83449805e-003	4.83449805e-003	0.00000000e+000	
3.89862040e-003	4.83287145e-003	4.83287145e-003	0.00000000e+000	
3.90191593e-003	4.83124485e-003	4.83124485e-003	0.00000000e+000	
3.90521147e-003	4.82961825e-003	4.82961825e-003	0.00000000e+000	
3.90850701e-003	4.82799165e-003	4.82799165e-003	0.00000000e+000	
3.91180254e-003	4.82636505e-003	4.82636505e-003	0.00000000e+000	
3.91509808e-003	4.82473845e-003	4.82473845e-003	0.00000000e+000	
3.91839362e-003	4.82311185e-003	4.82311185e-003	0.00000000e+000	
3.92168916e-003	4.82148525e-003	4.82148525e-003	0.00000000e+000	
3.92498469e-003	4.81985865e-003	4.81985865e-003	0.00000000e+000	
3.92828023e-003	4.81823205e-003	4.81823205e-003	0.00000000e+000	
3.93157577e-003	4.81660545e-003	4.81660545e-003	0.00000000e+000	
3.93487130e-003	4.81497885e-003	4.81497885e-003	0.00000000e+000	
3.93816684e-003	4.81335225e-003	4.81335225e-003	0.00000000e+000	
3.94146238e-003	4.81172565e-003	4.81172565e-003	0.00000000e+000	
3.94475792e-003	4.81009905e-003	4.81009905e-003	0.00000000e+000	
3.94805345e-003	4.80847245e-003	4.80847245e-003	0.00000000e+000	
3.95134899e-003	4.80684585e-003	4.80684585e-003	0.00000000e+000	
3.95464453e-003	4.80521925e-003	4.80521925e-003	0.00000000e+000	
3.95794006e-003	4.80359265e-003	4.80359265e-003	0.00000000e+000	
3.96123560e-003	4.80196605e-003	4.80196605e-003	0.00000000e+000	
3.96453114e-003	4.80033945e-003	4.80033945e-003	0.00000000e+000	
3.96782668e-003	4.79871285e-003	4.79871285e-003	0.00000000e+000	
3.97112221e-003	4.79708625e-003	4.79708625e-003	0.00000000e+000	
3.97441775e-003	4.79545965e-003	4.79545965e-003	0.00000000e+000	
3.97771329e-003	4.79383305e-003	4.79383305e-003	0.00000000e+000	
3.98100882e-003	4.79220645e-003	4.79220645e-003	0.00000000e+000	
3.98430436e-003	4.79057985e-003	4.79057985e-003	0.00000000e+000	
3.98759990e-003	4.78895325e-003	4.78895325e-003	0.00000000e+000	
3.99089544e-003	4.78732665e-003	4.78732665e-003	0.00000000e+000	
3.99419097e-003	4.78570005e-003	4.78570005e-003	0.00000000e+000	
3.99748651e-003	4.78407345e-003	4.78407345e-003	0.00000000e+000	
4.00078205e-003	4.78244685e-003	4.78244685e-003	0.00000000e+000	
4.00407758e-003	4.78082025e-003	4.78082025e-003	0.00000000e+000	
4.00737312e-003	4.77919365e-003	4.77919365e-003	0.00000000e+000	
4.01066866e-003	4.77756705e-003	4.77756705e-003	0.00000000e+000	
4.01396419e-003	4.77594045e-003	4.77594045e-003	0.00000000e+000	
4.01725973e-003	4.77431384e-003	4.77431384e-003	0.00000000e+000	
4.02055527e-003	4.77268724e-003	4.77268724e-003	0.00000000e+000	
4.02385081e-003	4.77106064e-003	4.77106064e-003	0.00000000e+000	
4.02714634e-003	4.76943404e-003	4.76943404e-003	0.00000000e+000	
4.03044188e-003	4.76780744e-003	4.76780744e-003	0.00000000e+000	
4.03373742e-003	4.76618084e-003	4.76618084e-003	0.00000000e+000	
4.03703295e-003	4.76455424e-003	4.76455424e-003	0.00000000e+000	
4.04032849e-003	4.76292764e-003	4.76292764e-003	0.00000000e+000	
4.04362403e-003	4.76130104e-003	4.76130104e-003	0.00000000e+000	
4.04691957e-003	4.75967444e-003	4.75967444e-003	0.00000000e+000	
4.05021510e-003	4.75804784e-003	4.75804784e-003	0.00000000e+000	
4.05351064e-003	4.75642124e-003	4.75642124e-003	0.00000000e+000	
4.05680618e-003	4.75479464e-003	4.75479464e-003	0.00000000e+000	
4.06010171e-003	4.75316804e-003	4.75316804e-003	0.00000000e+000	
4.06339725e-003	4.75154144e-003	4.75154144e-003	0.00000000e+000	
4.06669279e-003	4.74991484e-003	4.74991484e-003	0.00000000e+000	
4.06998833e-003	4.74828824e-003	4.74828824e-003	0.00000000e+000	
4.07328386e-003	4.74666164e-003	4.74666164e-003	0.00000000e+000	
4.07657940e-003	4.74503504e-003	4.74503504e-003	0.00000000e+000	
4.07987494e-003	4.74340844e-003	4.74340844e-003	0.00000000e+000	
4.08317047e-003	4.74178184e-003	4.74178184e-003	0.00000000e+000	
4.08646601e-003	4.74015524e-003	4.74015524e-003	0.00000000e+000	
4.08976155e-003	4.73852864e-003	4.73852864e-003	0.00000000e+000	
4.09305709e-003	4.73690204e-003	4.73690204e-003	0.00000000e+000	
4.09635262e-003	4.73527544e-003	4.73527544e-003	0.00000000e+000	
4.09964816e-003	4.73364884e-003	4.73364884e-003	0.00000000e+000	
4.10294370e-003	4.73202224e-003	4.73202224e-003	0.00000000e+000	
4.10623923e-003	4.73039564e-003	4.73039564e-003	0.00000000e+000	
4.10953477e-003	4.72876904e-003	4.72876904e-003	0.00000000e+000	
4.11283031e-003	4.72714244e-003	4.72714244e-003	0.00000000e+000	
4.11612585e-003	4.72551584e-003	4.72551584e-003	0.00000000e+000	
4.11942138e-003	4.72388924e-003	4.72388924e-003	0.00000000e+000	
4.12271692e-003	4.72226264e-003	4.72226264e-003	0.00000000e+000	
4.12601246e-003	4.72063604e-003	4.72063604e-003	0.00000000e+000	
4.12930799e-003	4.71900944e-003	4.71900944e-003	0.00000000e+000	
4.13260353e-003	4.71738284e-003	4.71738284e-003	0.00000000e+000	
4.13589907e-003	4.71575624e-003	4.71575624e-003	0.00000000e+000	
4.13919460e-003	4.71412964e-003	4.71412964e-003	0.00000000e+000	
4.14249014e-003	4.71250304e-003	4.71250304e-003	0.00000000e+000	
4.14578568e-003	4.71087644e-003	4.71087644e-003	0.00000000e+000	
4.14908122e-003	4.70924984e-003	4.70924984e-003	0.00000000e+000	
4.15237675e-003	4.70762324e-003	4.70762324e-003	0.00000000e+000	
4.15567229e-003	4.70599664e-003	4.70599664e-003	0.00000000e+000	
4.15896783e-003	4.70437003e-003	4.70437003e-003	0.00000000e+000	
4.16226336e-003	4.70274343e-003	4.70274343e-003	0.00000000e+000	
4.16555890e-003	4.70111683e-003	4.70111683e-003	0.00000000e+000	
4.16885444e-003	4.69949023e-003	4.69949023e-003	0.00000000e+000	
4.17214998e-003	4.69786363e-003	4.69786363e-003	0.00000000e+000	
4.17544551e-003	4.69623703e-003	4.69623703e-003	0.00000000e+000	
4.17874105e-003	4.69461043e-003	4.69461043e-003	0.00000000e+000	
4.18203659e-003	4.69298383e-003	4.69298383e-003	0.00000000e+000	
4.18533212e-003	4.69135723e-003	4.69135723e-003	0.00000000e+000	
4.18862766e-003	4.68973063e-003	4.68973063e-003	0.00000000e+000	
4.19192320e-003	4.68810403e-003	4.68810403e-003	0.00000000e+000	
4.19521874e-003	4.68647743e-003	4.68647743e-003	0.00000000e+000	
4.19851427e-003	4.68485083e-003	4.68485083e-003	0.00000000e+000	
4.20180981e-003	4.68322423e-003	4.68322423e-003	0.00000000e+000	
4.20510535e-003	4.68159763e-003	4.68159763e-003	0.00000000e+000	
4.20840088e-003	4.67997103e-003	4.67997103e-003	0.00000000e+000	
4.21169642e-003	4.67834443e-003	4.67834443e-003	0.00000000e+000	
4.21499196e-003	4.67671783e-003	4.67671783e-003	0.00000000e+000	
4.21828750e-003	4.67509123e-003	4.67509123e-003	0.00000000e+000	
4.22158303e-003	4.67346463e-003	4.67346463e-003	0.00000000e+000	
4.22487857e-003	4.67183803e-003	4.67183803e-003	0.00000000e+000	
4.22817411e-003	4.67021143e-003	4.67021143e-003	0.00000000e+000	
4.23146964e-003	4.66858483e-003	4.66858483e-003	0.00000000e+000	
4.23476518e-003	4.66695823e-003	4.66695823e-003	0.00000000e+000	
4.23806072e-003	4.66533163e-003	4.66533163e-003	0.00000000e+000	
4.24135626e-003	4.66370503e-003	4.66370503e-003	0.00000000e+000	
4.24465179e-003	4.66207843e-003	4.66207843e-003	0.00000000e+000	
4.24794733e-003	4.66045183e-003	4.66045183e-003	0.00000000e+000	
4.25124287e-003	4.65881429e-003	4.65881429e-003	0.00000000e+000	
4.25453840e-003	4.65668490e-003	4.65668490e-003	0.00000000e+000	
4.25783394e-003	4.65455550e-003	4.65455550e-003	0.00000000e+000	
4.26112948e-003	4.65242611e-003	4.65242611e-003	0.00000000e+000	
4.26442501e-003	4.65029672e-003	4.65029672e-003	0.00000000e+000	
4.26772055e-003	4.64816733e-003	4.64816733e-003	0.00000000e+000	
4.27101609e-003	4.64603794e-003	4.64603794e-003	0.00000000e+000	
4.27431163e-003	4.64390855e-003	4.64390855e-003	0.00000000e+000	
4.27760716e-003	4.64177916e-003	4.64177916e-003	0.00000000e+000	
4.28090270e-003	4.63964977e-003	4.63964977e-003	0.00000000e+000	
4.28419824e-003	4.63752038e-003	4.63752038e-003	0.00000000e+000	
4.28749377e-003	4.63539098e-003	4.63539098e-003	0.00000000e+000	
4.29078931e-003	4.63326159e-003	4.63326159e-003	0.00000000e+000	
4.29408485e-003	4.63113220e-003	4.63113220e-003	0.00000000e+000	
4.29738039e-003	4.62900281e-003	4.62900281e-003	0.00000000e+000	
4.30067592e-003	4.62687342e-003	4.62687342e-003	0.00000000e+000	
4.30397146e-003	4.62474403e-003	4.62474403e-003	0.00000000e+000	
4.30726700e-003	4.62261464e-003	4.62261464e-003	0.00000000e+000	
4.31056253e-003	4.62048525e-003	4.62048525e-003	0.00000000e+000	
4.31385807e-003	4.61835585e-003	4.61835585e-003	0.00000000e+000	
4.31715361e-003	4.61622646e-003	4.61622646e-003	0.00000000e+000	
4.32044915e-003	4.61409707e-003	4.61409707e-003	0.00000000e+000	
4.32374468e-003	4.61196768e-003	4.61196768e-003	0.00000000e+000	
4.32704022e-003	4.60983829e-003	4.60983829e-003	0.00000000e+000	
4.33033576e-003	4.60770890e-003	4.60770890e-003	0.00000000e+000	
4.33363129e-003	4.60557951e-003	4.60557951e-003	0.00000000e+000	
4.33692683e-003	4.60345012e-003	4.60345012e-003	0.00000000e+000	
4.34022237e-003	4.60132072e-003	4.60132072e-003	0.00000000e+000	
4.34351791e-003	4.59919133e-003	4.59919133e-003	0.00000000e+000	
4.34681344e-003	4.59706194e-003	4.59706194e-003	0.00000000e+000	
4.35010898e-003	4.59493255e-003	4.59493255e-003	0.00000000e+000	
4.35340452e-003	4.59280316e-003	4.59280316e-003	0.00000000e+000	
4.35670005e-003	4.59067377e-003	4.59067377e-003	0.00000000e+000	
4.35999559e-003	4.58854438e-003	4.58854438e-003	0.00000000e+000	
4.36329113e-003	4.58641499e-003	4.58641499e-003	0.00000000e+000	
4.36658667e-003	4.58428560e-003	4.58428560e-003	0.00000000e+000	
4.36988220e-003	4.58215620e-003	4.58215620e-003	0.00000000e+000	
4.37317774e-003	4.58002681e-003	4.58002681e-003	0.00000000e+000	
4.37647328e-003	4.57789742e-003	4.57789742e-003	0.00000000e+000	
4.37976881e-003	4.57576803e-003	4.57576803e-003	0.00000000e+000	
4.38306435e-003	4.57363864e-003	4.57363864e-003	0.00000000e+000	
4.38635989e-003	4.57150925e-003	4.57150925e-003	0.00000000e+000	
4.38965542e-003	4.56937986e-003	4.56937986e-003	0.00000000e+000	
4.39295096e-003	4.56714019e-003	4.56714019e-003	0.00000000e+000	
4.39624650e-003	4.56486235e-003	4.56486235e-003	0.00000000e+000	
4.39954204e-003	4.56258450e-003	4.56258450e-003	0.00000000e+000	
4.40283757e-003	4.56030665e-003	4.56030665e-003	0.00000000e+000	
4.40613311e-003	4.55802881e-003	4.55802881e-003	0.00000000e+000	
4.40942865e-003	4.55575096e-003	4.55575096e-003	0.00000000e+000	
4.41272418e-003	4.55347311e-003	4.55347311e-003	0.00000000e+000	
4.41601972e-003	4.55119527e-003	4.55119527e-003	0.00000000e+000	
4.41931526e-003	4.54891742e-003	4.54891742e-003	0.00000000e+000	
4.42261080e-003	4.54663958e-003	4.54663958e-003	0.00000000e+000	
4.42590633e-003	4.54436173e-003	4.54436173e-003	0.00000000e+000	
4.42920187e-003	4.54208388e-003	4.54208388e-003	0.00000000e+000	
4.43249741e-003	4.53980604e-003	4.53980604e-003	0.00000000e+000	
4.43579294e-003	4.53752819e-003	4.53752819e-003	0.00000000e+000	
4.43908848e-003	4.53525035e-003	4.53525035e-003	0.00000000e+000	
4.44238402e-003	4.53297250e-003	4.53297250e-003	0.00000000e+000	
4.44567956e-003	4.53069465e-003	4.53069465e-003	0.00000000e+000	
4.44897509e-003	4.52841681e-003	4.52841681e-003	0.00000000e+000	
4.45227063e-003	4.52613896e-003	4.52613896e-003	0.00000000e+000	
4.45556617e-003	4.52386112e-003	4.52386112e-003	0.00000000e+000	
4.45886170e-003	4.52158327e-003	4.52158327e-003	0.00000000e+000	
4.46215724e-003	4.51930542e-003	4.51930542e-003	0.00000000e+000	
4.46545278e-003	4.51702758e-003	4.51702758e-003	0.00000000e+000	
4.46874832e-003	4.51474973e-003	4.51474973e-003	0.00000000e+000	
4.47204385e-003	4.51247188e-003	4.51247188e-003	0.00000000e+000	
4.47533939e-003	4.51019404e-003	4.51019404e-003	0.00000000e+000	
4.47863493e-003	4.50791619e-003	4.50791619e-003	0.00000000e+000	
4.48193046e-003	4.50563835e-003	4.50563835e-003	0.00000000e+000	
4.48522600e-003	4.50336050e-003	4.50336050e-003	0.00000000e+000	
4.48852154e-003	4.50108265e-003	4.50108265e-003	0.00000000e+000	
4.49181708e-003	4.49880481e-003	4.49880481e-003	0.00000000e+000	
4.49511261e-003	4.49652696e-003	4.49652696e-003	0.00000000e+000	
4.49840815e-003	4.49424912e-003	4.49424912e-003	0.00000000e+000	
4.50170369e-003	4.49197127e-003	4.49197127e-003	0.00000000e+000	
4.50499922e-003	4.48969342e-003	4.48969342e-003	0.00000000e+000	
4.50829476e-003	4.48741558e-003	4.48741558e-003	0.00000000e+000	
4.51159030e-003	4.48513773e-003	4.48513773e-003	0.00000000e+000	
4.51488583e-003	4.48285988e-003	4.48285988e-003	0.00000000e+000	
4.51818137e-003	4.48058204e-003	4.48058204e-003	0.00000000e+000	
4.52147691e-003	4.47830419e-003	4.47830419e-003	0.00000000e+000	
4.52477245e-003	4.47602635e-003	4.47602635e-003	0.00000000e+000	
4.52806798e-003	4.47374850e-003	4.47374850e-003	0.00000000e+000	
4.53136352e-003	4.47147065e-003	4.47147065e-003	0.00000000e+000	
4.53465906e-003	4.46919281e-003	4.46919281e-003	0.00000000e+000	
4.53795459e-003	4.46691496e-003	4.46691496e-003	0.00000000e+000	
4.54125013e-003	4.46463712e-003	4.46463712e-003	0.00000000e+000	
4.54454567e-003	4.46235927e-003	4.46235927e-003	0.00000000e+000	
4.54784121e-003	4.46008142e-003	4.46008142e-003	0.00000000e+000	
4.55113674e-003	4.45780358e-003	4.45780358e-003	0.00000000e+000	
4.55443228e-003	4.45552573e-003	4.45552573e-003	0.00000000e+000	
4.55772782e-003	4.45324789e-003	4.45324789e-003	0.00000000e+000	
4.56102335e-003	4.45097004e-003	4.45097004e-003	0.00000000e+000	
4.56431889e-003	4.44869219e-003	4.44869219e-003	0.00000000e+000	
4.56761443e-003	4.44641435e-003	4.44641435e-003	0.00000000e+000	
4.57090997e-003	4.44413650e-003	4.44413650e-003	0.00000000e+000	
4.57420550e-003	4.44185865e-003	4.44185865e-003	0.00000000e+000	
4.57750104e-003	4.43958081e-003	4.43958081e-003	0.00000000e+000	
4.58079658e-003	4.43730296e-003	4.43730296e-003	0.00000000e+000	
4.58409211e-003	4.43502512e-003	4.43502512e-003	0.00000000e+000	
4.58738765e-003	4.43274727e-003	4.43274727e-003	0.00000000e+000	
4.59068319e-003	4.43046942e-003	4.43046942e-003	0.00000000e+000	
4.59397873e-003	4.42819158e-003	4.42819158e-003	0.00000000e+000	
4.59727426e-003	4.42591373e-003	4.42591373e-003	0.00000000e+000	
4.60056980e-003	4.42363589e-003	4.42363589e-003	0.00000000e+000	
4.60386534e-003	4.42135804e-003	4.42135804e-003	0.00000000e+000	
4.60716087e-003	4.41908019e-003	4.41908019e-003	0.00000000e+000	
4.61045641e-003	4.41680235e-003	4.41680235e-003	0.00000000e+000	
4.61375195e-003	4.41452450e-003	4.41452450e-003	0.00000000e+000	
4.61704749e-003	4.41224666e-003	4.41224666e-003	0.00000000e+000	
4.62034302e-003	4.40996881e-003	4.40996881e-003	0.00000000e+000	
4.62363856e-003	4.40769096e-003	4.40769096e-003	0.00000000e+000	
4.62693410e-003	4.40541312e-003	4.40541312e-003	0.00000000e+000	
4.63022963e-003	4.40313527e-003	4.40313527e-003	0.00000000e+000	
4.63352517e-003	4.40085742e-003	4.40085742e-003	0.00000000e+000	
4.63682071e-003	4.39857958e-003	4.39857958e-003	0.00000000e+000	
4.64011624e-003	4.39630173e-003	4.39630173e-003	0.00000000e+000	
4.64341178e-003	4.39402389e-003	4.39402389e-003	0.00000000e+000	
4.64670732e-003	4.39174604e-003	4.39174604e-003	0.00000000e+000	
4.65000286e-003	4.38946819e-003	4.38946819e-003	0.00000000e+000	
4.65329839e-003	4.38719035e-003	4.38719035e-003	0.00000000e+000	
4.65659393e-003	4.38491250e-003	4.38491250e-003	0.00000000e+000	
4.65988947e-003	4.38263466e-003	4.38263466e-003	0.00000000e+000	
4.66318500e-003	4.38035681e-003	4.38035681e-003	0.00000000e+000	
4.66648054e-003	4.37807896e-003	4.37807896e-003	0.00000000e+000	
4.66977608e-003	4.37580112e-003	4.37580112e-003	0.00000000e+000	
4.67307162e-003	4.37352327e-003	4.37352327e-003	0.00000000e+000	
4.67636715e-003	4.37124543e-003	4.37124543e-003	0.00000000e+000	
4.67966269e-003	4.36896758e-003	4.36896758e-003	0.00000000e+000	
4.68295823e-003	4.36668973e-003	4.36668973e-003	0.00000000e+000	
4.68625376e-003	4.36441189e-003	4.36441189e-003	0.00000000e+000	
4.68954930e-003	4.36213404e-003	4.36213404e-003	0.00000000e+000	
4.69284484e-003	4.35985619e-003	4.35985619e-003	0.00000000e+000	
4.69614038e-003	4.35757835e-003	4.35757835e-003	0.00000000e+000	
4.69943591e-003	4.35530050e-003	4.35530050e-003	0.00000000e+000	
4.70273145e-003	4.35302266e-003	4.35302266e-003	0.00000000e+000	
4.70602699e-003	4.35074481e-003	4.35074481e-003	0.00000000e+000	
4.70932252e-003	4.34846696e-003	4.34846696e-003	0.00000000e+000	
4.71261806e-003	4.34618912e-003	4.34618912e-003	0.00000000e+000	
4.71591360e-003	4.34391127e-003	4.34391127e-003	0.00000000e+000	
4.71920914e-003	4.34163343e-003	4.34163343e-003	0.00000000e+000	
4.72250467e-003	4.33935558e-003	4.33935558e-003	0.00000000e+000	
4.72580021e-003	4.33707773e-003	4.33707773e-003	0.00000000e+000	
4.72909575e-003	4.33479989e-003	4.33479989e-003	0.00000000e+000	
4.73239128e-003	4.33252204e-003	4.33252204e-003	0.00000000e+000	
4.73568682e-003	4.33024420e-003	4.33024420e-003	0.00000000e+000	
4.73898236e-003	4.32796635e-003	4.32796635e-003	0.00000000e+000	
4.74227790e-003	4.32568850e-003	4.32568850e-003	0.00000000e+000	
4.74557343e-003	4.32341066e-003	4.32341066e-003	0.00000000e+000	
4.74886897e-003	4.32113281e-003	4.32113281e-003	0.00000000e+000	
4.75216451e-003	4.31885496e-003	4.31885496e-003	0.00000000e+000	
4.75546004e-003	4.31655341e-003	4.31655341e-003	0.00000000e+000	
4.75875558e-003	4.31422513e-003	4.31422513e-003	0.00000000e+000	
4.76205112e-003	4.31189685e-003	4.31189685e-003	0.00000000e+000	
4.76534665e-003	4.30956856e-003	4.30956856e-003	0.00000000e+000	
4.76864219e-003	4.30724028e-003	4.30724028e-003	0.00000000e+000	
4.77193773e-003	4.30491200e-003	4.30491200e-003	0.00000000e+000	
4.77523327e-003	4.30258372e-003	4.30258372e-003	0.00000000e+000	
4.77852880e-003	4.30025544e-003	4.30025544e-003	0.00000000e+000	
4.78182434e-003	4.29792715e-003	4.29792715e-003	0.00000000e+000	
4.78511988e-003	4.29559887e-003	4.29559887e-003	0.00000000e+000	
4.78841541e-003	4.29327059e-003	4.29327059e-003	0.00000000e+000	
4.79171095e-003	4.29094231e-003	4.29094231e-003	0.00000000e+000	
4.79500649e-003	4.28861403e-003	4.28861403e-003	0.00000000e+000	
4.79830203e-003	4.28628575e-003	4.28628575e-003	0.00000000e+000	
4.80159756e-003	4.28395746e-003	4.28395746e-003	0.00000000e+000	
4.80489310e-003	4.28162918e-003	4.28162918e-003	0.00000000e+000	
4.80818864e-003	4.27930090e-003	4.27930090e-003	0.00000000e+000	
4.81148417e-003	4.27697262e-003	4.27697262e-003	0.00000000e+000	
4.81477971e-003	4.27464434e-003	4.27464434e-003	0.00000000e+000	
4.81807525e-003	4.27231605e-003	4.27231605e-003	0.00000000e+000	
4.82137079e-003	4.26998777e-003	4.26998777e-003	0.00000000e+000	
4.82466632e-003	4.26765949e-003	4.26765949e-003	0.00000000e+000	
4.82796186e-003	4.26533121e-003	4.26533121e-003	0.00000000e+000	
4.83125740e-003	4.26300293e-003	4.26300293e-003	0.00000000e+000	
4.83455293e-003	4.26067464e-003	4.26067464e-003	0.00000000e+000	
4.83784847e-003	4.25834636e-003	4.25834636e-003	0.00000000e+000	
4.84114401e-003	4.25601808e-003	4.25601808e-003	0.00000000e+000	
4.84443955e-003	4.25368980e-003	4.25368980e-003	0.00000000e+000	
4.84773508e-003	4.25136152e-003	4.25136152e-003	0.00000000e+000	
4.85103062e-003	4.24903323e-003	4.24903323e-003	0.00000000e+000	
4.85432616e-003	4.24670495e-003	4.24670495e-003	0.00000000e+000	
4.85762169e-003	4.24437667e-003	4.24437667e-003	0.00000000e+000	
4.86091723e-003	4.24204839e-003	4.24204839e-003	0.00000000e+000	
4.86421277e-003	4.23972011e-003	4.23972011e-003	0.00000000e+000	
4.86750831e-003	4.23739182e-003	4.23739182e-003	0.00000000e+000	
4.87080384e-003	4.23506354e-003	4.23506354e-003	0.00000000e+000	
4.87409938e-003	4.23273526e-003	4.23273526e-003	0.00000000e+000	
4.87739492e-003	4.23040698e-003	4.23040698e-003	0.00000000e+000	
4.88069045e-003	4.22807870e-003	4.22807870e-003	0.00000000e+000	
4.88398599e-003	4.22575041e-003	4.22575041e-003	0.00000000e+000	
4.88728153e-003	4.22342213e-003	4.22342213e-003	0.00000000e+000	
4.89057706e-003	4.22109385e-003	4.22109385e-003	0.00000000e+000	
4.89387260e-003	4.21876557e-003	4.21876557e-003	0.00000000e+000	
4.89716814e-003	4.21542859e-003	4.21542859e-003	0.00000000e+000	
4.90046368e-003	4.21203015e-003	4.21203015e-003	0.00000000e+000	
4.90375921e-003	4.20863171e-003	4.20863171e-003	0.00000000e+000	
4.90705475e-003	4.20523327e-003	4.20523327e-003	0.00000000e+000	
4.91035029e-003	4.20183483e-003	4.20183483e-003	0.00000000e+000	
4.91364582e-003	4.19843639e-003	4.19843639e-003	0.00000000e+000	
4.91694136e-003	4.19503795e-003	4.19503795e-003	0.00000000e+000	
4.92023690e-003	4.19163951e-003	4.19163951e-003	0.00000000e+000	
4.92353244e-003	4.18824107e-003	4.18824107e-003	0.00000000e+000	
4.92682797e-003	4.18484263e-003	4.18484263e-003	0.00000000e+000	
4.93012351e-003	4.18144419e-003	4.18144419e-003	0.00000000e+000	
4.93341905e-003	4.17804575e-003	4.17804575e-003	0.00000000e+000	
4.93671458e-003	4.17464732e-003	4.17464732e-003	0.00000000e+000	
4.94001012e-003	4.17124888e-003	4.17124888e-003	0.00000000e+000	
